Maximus Rex,654,0.0,40
Maximus Rex,653,0.0,41
Maximus Rex,652,0.0,42
Maximus Rex,651,0.0,43
Maximus Rex,649,0.0,44
Maximus Rex,648,0.0,45
Maximus Rex,647,0.0,46
Maximus Rex,646,0.0,47
Maximus Rex,644,0.0,48
Maximus Rex,643,0.0,49
Maximus Rex,642,0.0,50
Maximus Rex,641,0.0,51
Maximus Rex,640,0.0,52
Maximus Rex,639,0.0,53
Maximus Rex,638,0.0,54
Maximus Rex,637,0.0,55
Maximus Rex,636,0.0,56
Maximus Rex,635,0.0,57
Terjepetersen,417,0.932568719646,1
Terjepetersen,418,0.924575591862,2
Terjepetersen,424,0.649046177566,3
Terjepetersen,419,0.597209699718,4
Terjepetersen,416,0.597209699718,5
Terjepetersen,508,0.588535486637,6
Terjepetersen,509,0.53023923657,7
Terjepetersen,507,0.53023923657,8
Terjepetersen,502,0.53023923657,9
Terjepetersen,469,0.524725989903,10
Terjepetersen,501,0.501564374313,11
Terjepetersen,485,0.501564374313,12
Terjepetersen,471,0.501564374313,13
Terjepetersen,458,0.501564374313,14
Terjepetersen,610,0.483344849519,15
Terjepetersen,423,0.470212300469,16
Terjepetersen,468,0.467376265387,17
Terjepetersen,524,0.444214649797,18
Terjepetersen,517,0.444214649797,19
Terjepetersen,567,0.421053034207,20
Terjepetersen,421,0.402054379036,21
Terjepetersen,557,0.392689999055,22
Terjepetersen,438,0.373379516778,23
Terjepetersen,512,0.231291949164,24
Terjepetersen,510,0.231291949164,25
Terjepetersen,498,0.231291949164,26
Terjepetersen,497,0.231291949164,27
Terjepetersen,462,0.220265455829,28
Terjepetersen,489,0.173942224649,29
Terjepetersen,487,0.173942224649,30
Terjepetersen,673,0.0,31
Terjepetersen,667,0.0,32
Terjepetersen,665,0.0,33
Terjepetersen,660,0.0,34
Terjepetersen,659,0.0,35
Terjepetersen,658,0.0,36
Terjepetersen,657,0.0,37
Terjepetersen,656,0.0,38
Terjepetersen,655,0.0,39
Terjepetersen,654,0.0,40
Terjepetersen,653,0.0,41
Terjepetersen,652,0.0,42
Terjepetersen,651,0.0,43
Terjepetersen,649,0.0,44
Terjepetersen,648,0.0,45
Terjepetersen,647,0.0,46
Terjepetersen,646,0.0,47
Terjepetersen,644,0.0,48
Terjepetersen,643,0.0,49
Terjepetersen,642,0.0,50
Terjepetersen,641,0.0,51
Terjepetersen,640,0.0,52
Terjepetersen,639,0.0,53
Terjepetersen,638,0.0,54
Terjepetersen,637,0.0,55
Terjepetersen,636,0.0,56
Terjepetersen,635,0.0,57
Epsilon9,417,0.978462977951,1
Epsilon9,418,0.970469850167,2
Epsilon9,424,0.720269091172,3
Epsilon9,419,0.668432613324,4
Epsilon9,416,0.668432613324,5
Epsilon9,508,0.659758400243,6
Epsilon9,509,0.601462150176,7
Epsilon9,507,0.601462150176,8
Epsilon9,502,0.601462150176,9
Epsilon9,469,0.595948903508,10
Epsilon9,501,0.572787287918,11
Epsilon9,485,0.572787287918,12
Epsilon9,471,0.572787287918,13
Epsilon9,458,0.572787287918,14
Epsilon9,468,0.538599178993,15
Epsilon9,610,0.530826791923,16
Epsilon9,524,0.491696592201,17
Epsilon9,517,0.491696592201,18
Epsilon9,423,0.468624616371,19
Epsilon9,567,0.468534976611,20
Epsilon9,421,0.44953632144,21
Epsilon9,438,0.420861459182,22
Epsilon9,557,0.392689999055,23
Epsilon9,512,0.278773891568,24
Epsilon9,510,0.278773891568,25
Epsilon9,498,0.278773891568,26
Epsilon9,497,0.278773891568,27
Epsilon9,462,0.267747398232,28
Epsilon9,489,0.221424167052,29
Epsilon9,487,0.221424167052,30
Epsilon9,673,0.0,31
Epsilon9,667,0.0,32
Epsilon9,665,0.0,33
Epsilon9,660,0.0,34
Epsilon9,659,0.0,35
Epsilon9,658,0.0,36
Epsilon9,657,0.0,37
Epsilon9,656,0.0,38
Epsilon9,655,0.0,39
Epsilon9,654,0.0,40
Epsilon9,653,0.0,41
Epsilon9,652,0.0,42
Epsilon9,651,0.0,43
Epsilon9,649,0.0,44
Epsilon9,648,0.0,45
Epsilon9,647,0.0,46
Epsilon9,646,0.0,47
Epsilon9,644,0.0,48
Epsilon9,643,0.0,49
Epsilon9,642,0.0,50
Epsilon9,641,0.0,51
Epsilon9,640,0.0,52
Epsilon9,639,0.0,53
Epsilon9,638,0.0,54
Epsilon9,637,0.0,55
Epsilon9,636,0.0,56
Epsilon9,635,0.0,57
Pir,418,6.28745964436,1
Pir,508,4.87022734658,2
Pir,417,4.72147716888,3
Pir,424,4.17957779981,4
Pir,507,4.17098422734,5
Pir,509,4.17098422734,6
Pir,557,3.91725742876,7
Pir,419,3.70864009327,8
Pir,502,3.66643146449,9
Pir,469,3.62928544232,10
Pir,610,3.50988255831,11
Pir,524,3.49469509318,12
Pir,567,3.45975078117,13
Pir,416,3.43066299623,14
Pir,485,3.38721406429,15
Pir,471,3.36150768064,16
Pir,468,3.23028530376,17
Pir,458,3.22364518353,18
Pir,501,3.20897151354,19
Pir,517,3.14461677129,20
Pir,421,3.13415624757,21
Pir,512,2.99480290424,22
Pir,510,2.99480290424,23
Pir,423,2.87110131795,24
Pir,498,2.31916557906,25
Pir,497,2.30584817186,26
Pir,489,1.53606262452,27
Pir,487,1.48265504877,28
Pir,438,1.33070341321,29
Pir,644,1.31988170055,30
Pir,462,1.19561053814,31
Pir,673,0.983235328445,32
Pir,667,0.983235328445,33
Pir,665,0.983235328445,34
Pir,660,0.983235328445,35
Pir,659,0.983235328445,36
Pir,658,0.983235328445,37
Pir,657,0.983235328445,38
Pir,656,0.983235328445,39
Pir,655,0.983235328445,40
Pir,654,0.983235328445,41
Pir,653,0.983235328445,42
Pir,652,0.983235328445,43
Pir,651,0.983235328445,44
Pir,649,0.983235328445,45
Pir,648,0.983235328445,46
Pir,647,0.983235328445,47
Pir,646,0.983235328445,48
Pir,643,0.983235328445,49
Pir,642,0.983235328445,50
Pir,641,0.983235328445,51
Pir,640,0.983235328445,52
Pir,639,0.983235328445,53
Pir,638,0.983235328445,54
Pir,637,0.983235328445,55
Pir,636,0.983235328445,56
Pir,635,0.983235328445,57
Robbar~enwiki,417,0.978462977951,1
Robbar~enwiki,418,0.970469850167,2
Robbar~enwiki,424,0.720269091172,3
Robbar~enwiki,419,0.668432613324,4
Robbar~enwiki,416,0.668432613324,5
Robbar~enwiki,508,0.659758400243,6
Robbar~enwiki,509,0.601462150176,7
Robbar~enwiki,507,0.601462150176,8
Robbar~enwiki,502,0.601462150176,9
Robbar~enwiki,469,0.595948903508,10
Robbar~enwiki,501,0.572787287918,11
Robbar~enwiki,485,0.572787287918,12
Robbar~enwiki,471,0.572787287918,13
Robbar~enwiki,458,0.572787287918,14
Robbar~enwiki,468,0.538599178993,15
Robbar~enwiki,610,0.530826791923,16
Robbar~enwiki,524,0.491696592201,17
Robbar~enwiki,517,0.491696592201,18
Robbar~enwiki,423,0.468624616371,19
Robbar~enwiki,567,0.468534976611,20
Robbar~enwiki,421,0.44953632144,21
Robbar~enwiki,438,0.420861459182,22
Robbar~enwiki,557,0.392689999055,23
Robbar~enwiki,512,0.278773891568,24
Robbar~enwiki,510,0.278773891568,25
Robbar~enwiki,498,0.278773891568,26
Robbar~enwiki,497,0.278773891568,27
Robbar~enwiki,462,0.267747398232,28
Robbar~enwiki,489,0.221424167052,29
Robbar~enwiki,487,0.221424167052,30
Robbar~enwiki,673,0.0,31
Robbar~enwiki,667,0.0,32
Robbar~enwiki,665,0.0,33
Robbar~enwiki,660,0.0,34
Robbar~enwiki,659,0.0,35
Robbar~enwiki,658,0.0,36
Robbar~enwiki,657,0.0,37
Robbar~enwiki,656,0.0,38
Robbar~enwiki,655,0.0,39
Robbar~enwiki,654,0.0,40
Robbar~enwiki,653,0.0,41
Robbar~enwiki,652,0.0,42
Robbar~enwiki,651,0.0,43
Robbar~enwiki,649,0.0,44
Robbar~enwiki,648,0.0,45
Robbar~enwiki,647,0.0,46
Robbar~enwiki,646,0.0,47
Robbar~enwiki,644,0.0,48
Robbar~enwiki,643,0.0,49
Robbar~enwiki,642,0.0,50
Robbar~enwiki,641,0.0,51
Robbar~enwiki,640,0.0,52
Robbar~enwiki,639,0.0,53
Robbar~enwiki,638,0.0,54
Robbar~enwiki,637,0.0,55
Robbar~enwiki,636,0.0,56
Robbar~enwiki,635,0.0,57
Randwicked,418,0.939718378725,1
Randwicked,417,0.924549890919,2
Randwicked,424,0.604461013222,3
Randwicked,419,0.575786150964,4
Randwicked,416,0.575786150964,5
Randwicked,508,0.567111937883,6
Randwicked,509,0.508815687816,7
Randwicked,507,0.508815687816,8
Randwicked,502,0.508815687816,9
Randwicked,423,0.507357991698,10
Randwicked,501,0.480140825558,11
Randwicked,485,0.480140825558,12
Randwicked,471,0.480140825558,13
Randwicked,469,0.480140825558,14
Randwicked,458,0.480140825558,15
Randwicked,610,0.438180329563,16
Randwicked,468,0.422791101043,17
Randwicked,421,0.40321309026,18
Randwicked,567,0.399050129841,19
Randwicked,524,0.399050129841,20
Randwicked,517,0.399050129841,21
Randwicked,438,0.374538228002,22
Randwicked,557,0.300043536695,23
Randwicked,512,0.278773891568,24
Randwicked,510,0.278773891568,25
Randwicked,498,0.278773891568,26
Randwicked,497,0.278773891568,27
Randwicked,489,0.221424167052,28
Randwicked,487,0.221424167052,29
Randwicked,462,0.221424167052,30
Randwicked,673,0.0,31
Randwicked,667,0.0,32
Randwicked,665,0.0,33
Randwicked,660,0.0,34
Randwicked,659,0.0,35
Randwicked,658,0.0,36
Randwicked,657,0.0,37
Randwicked,656,0.0,38
Randwicked,655,0.0,39
Randwicked,654,0.0,40
Randwicked,653,0.0,41
Randwicked,652,0.0,42
Randwicked,651,0.0,43
Randwicked,649,0.0,44
Randwicked,648,0.0,45
Randwicked,647,0.0,46
Randwicked,646,0.0,47
Randwicked,644,0.0,48
Randwicked,643,0.0,49
Randwicked,642,0.0,50
Randwicked,641,0.0,51
Randwicked,640,0.0,52
Randwicked,639,0.0,53
Randwicked,638,0.0,54
Randwicked,637,0.0,55
Randwicked,636,0.0,56
Randwicked,635,0.0,57
Dcoetzee,417,0.978462977951,1
Dcoetzee,418,0.970469850167,2
Dcoetzee,424,0.720269091172,3
Dcoetzee,419,0.668432613324,4
Dcoetzee,416,0.668432613324,5
Dcoetzee,508,0.659758400243,6
Dcoetzee,509,0.601462150176,7
Dcoetzee,507,0.601462150176,8
Dcoetzee,502,0.601462150176,9
Dcoetzee,469,0.595948903508,10
Dcoetzee,501,0.572787287918,11
Dcoetzee,485,0.572787287918,12
Dcoetzee,471,0.572787287918,13
Dcoetzee,458,0.572787287918,14
Dcoetzee,468,0.538599178993,15
Dcoetzee,610,0.530826791923,16
Dcoetzee,524,0.491696592201,17
Dcoetzee,517,0.491696592201,18
Dcoetzee,423,0.468624616371,19
Dcoetzee,567,0.468534976611,20
Dcoetzee,421,0.44953632144,21
Dcoetzee,438,0.420861459182,22
Dcoetzee,557,0.392689999055,23
Dcoetzee,512,0.278773891568,24
Dcoetzee,510,0.278773891568,25
Dcoetzee,498,0.278773891568,26
Dcoetzee,497,0.278773891568,27
Dcoetzee,462,0.267747398232,28
Dcoetzee,489,0.221424167052,29
Dcoetzee,487,0.221424167052,30
Dcoetzee,673,0.0,31
Dcoetzee,667,0.0,32
Dcoetzee,665,0.0,33
Dcoetzee,660,0.0,34
Dcoetzee,659,0.0,35
Dcoetzee,658,0.0,36
Dcoetzee,657,0.0,37
Dcoetzee,656,0.0,38
Dcoetzee,655,0.0,39
Dcoetzee,654,0.0,40
Dcoetzee,653,0.0,41
Dcoetzee,652,0.0,42
Dcoetzee,651,0.0,43
Dcoetzee,649,0.0,44
Dcoetzee,648,0.0,45
Dcoetzee,647,0.0,46
Dcoetzee,646,0.0,47
Dcoetzee,644,0.0,48
Dcoetzee,643,0.0,49
Dcoetzee,642,0.0,50
Dcoetzee,641,0.0,51
Dcoetzee,640,0.0,52
Dcoetzee,639,0.0,53
Dcoetzee,638,0.0,54
Dcoetzee,637,0.0,55
Dcoetzee,636,0.0,56
Dcoetzee,635,0.0,57
Tothebarricades.tk,418,0.854661772217,1
Tothebarricades.tk,417,0.839493284411,2
Tothebarricades.tk,424,0.604461013222,3
Tothebarricades.tk,419,0.575786150964,4
Tothebarricades.tk,416,0.575786150964,5
Tothebarricades.tk,508,0.567111937883,6
Tothebarricades.tk,509,0.508815687816,7
Tothebarricades.tk,507,0.508815687816,8
Tothebarricades.tk,502,0.508815687816,9
Tothebarricades.tk,501,0.480140825558,10
Tothebarricades.tk,485,0.480140825558,11
Tothebarricades.tk,471,0.480140825558,12
Tothebarricades.tk,469,0.480140825558,13
Tothebarricades.tk,458,0.480140825558,14
Tothebarricades.tk,610,0.438180329563,15
Tothebarricades.tk,468,0.422791101043,16
Tothebarricades.tk,423,0.422301385191,17
Tothebarricades.tk,421,0.40321309026,18
Tothebarricades.tk,567,0.399050129841,19
Tothebarricades.tk,524,0.399050129841,20
Tothebarricades.tk,517,0.399050129841,21
Tothebarricades.tk,438,0.374538228002,22
Tothebarricades.tk,557,0.300043536695,23
Tothebarricades.tk,512,0.278773891568,24
Tothebarricades.tk,510,0.278773891568,25
Tothebarricades.tk,498,0.278773891568,26
Tothebarricades.tk,497,0.278773891568,27
Tothebarricades.tk,489,0.221424167052,28
Tothebarricades.tk,487,0.221424167052,29
Tothebarricades.tk,462,0.221424167052,30
Tothebarricades.tk,673,0.0,31
Tothebarricades.tk,667,0.0,32
Tothebarricades.tk,665,0.0,33
Tothebarricades.tk,660,0.0,34
Tothebarricades.tk,659,0.0,35
Tothebarricades.tk,658,0.0,36
Tothebarricades.tk,657,0.0,37
Tothebarricades.tk,656,0.0,38
Tothebarricades.tk,655,0.0,39
Tothebarricades.tk,654,0.0,40
Tothebarricades.tk,653,0.0,41
Tothebarricades.tk,652,0.0,42
Tothebarricades.tk,651,0.0,43
Tothebarricades.tk,649,0.0,44
Tothebarricades.tk,648,0.0,45
Tothebarricades.tk,647,0.0,46
Tothebarricades.tk,646,0.0,47
Tothebarricades.tk,644,0.0,48
Tothebarricades.tk,643,0.0,49
Tothebarricades.tk,642,0.0,50
Tothebarricades.tk,641,0.0,51
Tothebarricades.tk,640,0.0,52
Tothebarricades.tk,639,0.0,53
Tothebarricades.tk,638,0.0,54
Tothebarricades.tk,637,0.0,55
Tothebarricades.tk,636,0.0,56
Tothebarricades.tk,635,0.0,57
Exigentsky,418,1.08713930042,1
Exigentsky,417,1.07197081262,2
Exigentsky,424,0.836938541426,3
Exigentsky,419,0.808263679169,4
Exigentsky,416,0.808263679169,5
Exigentsky,508,0.751826308899,6
Exigentsky,509,0.693530058832,7
Exigentsky,507,0.693530058832,8
Exigentsky,502,0.693530058832,9
Exigentsky,501,0.664855196575,10
Exigentsky,485,0.664855196575,11
Exigentsky,471,0.664855196575,12
Exigentsky,469,0.664855196575,13
Exigentsky,458,0.664855196575,14
Exigentsky,423,0.609570499192,15
Exigentsky,610,0.594219838321,16
Exigentsky,421,0.590482204261,17
Exigentsky,468,0.578830609801,18
Exigentsky,438,0.561807342003,19
Exigentsky,567,0.555089638599,20
Exigentsky,524,0.555089638599,21
Exigentsky,517,0.555089638599,22
Exigentsky,512,0.418160837352,23
Exigentsky,510,0.418160837352,24
Exigentsky,498,0.418160837352,25
Exigentsky,497,0.418160837352,26
Exigentsky,557,0.387014649019,27
Exigentsky,489,0.332136250579,28
Exigentsky,487,0.332136250579,29
Exigentsky,462,0.332136250579,30
Exigentsky,673,0.0,31
Exigentsky,667,0.0,32
Exigentsky,665,0.0,33
Exigentsky,660,0.0,34
Exigentsky,659,0.0,35
Exigentsky,658,0.0,36
Exigentsky,657,0.0,37
Exigentsky,656,0.0,38
Exigentsky,655,0.0,39
Exigentsky,654,0.0,40
Exigentsky,653,0.0,41
Exigentsky,652,0.0,42
Exigentsky,651,0.0,43
Exigentsky,649,0.0,44
Exigentsky,648,0.0,45
Exigentsky,647,0.0,46
Exigentsky,646,0.0,47
Exigentsky,644,0.0,48
Exigentsky,643,0.0,49
Exigentsky,642,0.0,50
Exigentsky,641,0.0,51
Exigentsky,640,0.0,52
Exigentsky,639,0.0,53
Exigentsky,638,0.0,54
Exigentsky,637,0.0,55
Exigentsky,636,0.0,56
Exigentsky,635,0.0,57
Tom-,417,0.887273506503,1
Tom-,418,0.85932558288,2
Tom-,424,0.652241235313,3
Tom-,419,0.623566373056,4
Tom-,416,0.623566373056,5
Tom-,508,0.571775748546,6
Tom-,509,0.535037704194,7
Tom-,507,0.535037704194,8
Tom-,502,0.535037704194,9
Tom-,501,0.506362841936,10
Tom-,485,0.506362841936,11
Tom-,471,0.506362841936,12
Tom-,469,0.506362841936,13
Tom-,458,0.506362841936,14
Tom-,468,0.44901311742,15
Tom-,610,0.442844140226,16
Tom-,567,0.425272146218,17
Tom-,524,0.425272146218,18
Tom-,517,0.425272146218,19
Tom-,423,0.422301385191,20
Tom-,421,0.40321309026,21
Tom-,438,0.374538228002,22
Tom-,512,0.235657480139,23
Tom-,510,0.235657480139,24
Tom-,498,0.235657480139,25
Tom-,497,0.235657480139,26
Tom-,557,0.213810713837,27
Tom-,489,0.178307755624,28
Tom-,487,0.178307755624,29
Tom-,462,0.178307755624,30
Tom-,673,0.0,31
Tom-,667,0.0,32
Tom-,665,0.0,33
Tom-,660,0.0,34
Tom-,659,0.0,35
Tom-,658,0.0,36
Tom-,657,0.0,37
Tom-,656,0.0,38
Tom-,655,0.0,39
Tom-,654,0.0,40
Tom-,653,0.0,41
Tom-,652,0.0,42
Tom-,651,0.0,43
Tom-,649,0.0,44
Tom-,648,0.0,45
Tom-,647,0.0,46
Tom-,646,0.0,47
Tom-,644,0.0,48
Tom-,643,0.0,49
Tom-,642,0.0,50
Tom-,641,0.0,51
Tom-,640,0.0,52
Tom-,639,0.0,53
Tom-,638,0.0,54
Tom-,637,0.0,55
Tom-,636,0.0,56
Tom-,635,0.0,57
Anirvan,417,0.887273506503,1
Anirvan,418,0.85932558288,2
Anirvan,424,0.652241235313,3
Anirvan,419,0.623566373056,4
Anirvan,416,0.623566373056,5
Anirvan,508,0.571775748546,6
Anirvan,509,0.535037704194,7
Anirvan,507,0.535037704194,8
Anirvan,502,0.535037704194,9
Anirvan,501,0.506362841936,10
Anirvan,485,0.506362841936,11
Anirvan,471,0.506362841936,12
Anirvan,469,0.506362841936,13
Anirvan,458,0.506362841936,14
Anirvan,468,0.44901311742,15
Anirvan,610,0.442844140226,16
Anirvan,567,0.425272146218,17
Anirvan,524,0.425272146218,18
Anirvan,517,0.425272146218,19
Anirvan,423,0.422301385191,20
Anirvan,421,0.40321309026,21
Anirvan,438,0.374538228002,22
Anirvan,512,0.235657480139,23
Anirvan,510,0.235657480139,24
Anirvan,498,0.235657480139,25
Anirvan,497,0.235657480139,26
Anirvan,557,0.213810713837,27
Anirvan,489,0.178307755624,28
Anirvan,487,0.178307755624,29
Anirvan,462,0.178307755624,30
Anirvan,673,0.0,31
Anirvan,667,0.0,32
Anirvan,665,0.0,33
Anirvan,660,0.0,34
Anirvan,659,0.0,35
Anirvan,658,0.0,36
Anirvan,657,0.0,37
Anirvan,656,0.0,38
Anirvan,655,0.0,39
Anirvan,654,0.0,40
Anirvan,653,0.0,41
Anirvan,652,0.0,42
Anirvan,651,0.0,43
Anirvan,649,0.0,44
Anirvan,648,0.0,45
Anirvan,647,0.0,46
Anirvan,646,0.0,47
Anirvan,644,0.0,48
Anirvan,643,0.0,49
Anirvan,642,0.0,50
Anirvan,641,0.0,51
Anirvan,640,0.0,52
Anirvan,639,0.0,53
Anirvan,638,0.0,54
Anirvan,637,0.0,55
Anirvan,636,0.0,56
Anirvan,635,0.0,57
Abqwildcat,417,0.839973089525,1
Abqwildcat,418,0.812025165902,2
Abqwildcat,424,0.604940818335,3
Abqwildcat,419,0.576265956077,4
Abqwildcat,416,0.576265956077,5
Abqwildcat,508,0.524475331567,6
Abqwildcat,509,0.487737287215,7
Abqwildcat,507,0.487737287215,8
Abqwildcat,502,0.487737287215,9
Abqwildcat,501,0.459062424957,10
Abqwildcat,485,0.459062424957,11
Abqwildcat,471,0.459062424957,12
Abqwildcat,469,0.459062424957,13
Abqwildcat,458,0.459062424957,14
Abqwildcat,423,0.422301385191,15
Abqwildcat,421,0.40321309026,16
Abqwildcat,468,0.401712700442,17
Abqwildcat,610,0.395543723247,18
Abqwildcat,567,0.37797172924,19
Abqwildcat,524,0.37797172924,20
Abqwildcat,517,0.37797172924,21
Abqwildcat,438,0.374538228002,22
Abqwildcat,512,0.235657480139,23
Abqwildcat,510,0.235657480139,24
Abqwildcat,498,0.235657480139,25
Abqwildcat,497,0.235657480139,26
Abqwildcat,557,0.213810713837,27
Abqwildcat,489,0.178307755624,28
Abqwildcat,487,0.178307755624,29
Abqwildcat,462,0.178307755624,30
Abqwildcat,673,0.0,31
Abqwildcat,667,0.0,32
Abqwildcat,665,0.0,33
Abqwildcat,660,0.0,34
Abqwildcat,659,0.0,35
Abqwildcat,658,0.0,36
Abqwildcat,657,0.0,37
Abqwildcat,656,0.0,38
Abqwildcat,655,0.0,39
Abqwildcat,654,0.0,40
Abqwildcat,653,0.0,41
Abqwildcat,652,0.0,42
Abqwildcat,651,0.0,43
Abqwildcat,649,0.0,44
Abqwildcat,648,0.0,45
Abqwildcat,647,0.0,46
Abqwildcat,646,0.0,47
Abqwildcat,644,0.0,48
Abqwildcat,643,0.0,49
Abqwildcat,642,0.0,50
Abqwildcat,641,0.0,51
Abqwildcat,640,0.0,52
Abqwildcat,639,0.0,53
Abqwildcat,638,0.0,54
Abqwildcat,637,0.0,55
Abqwildcat,636,0.0,56
Abqwildcat,635,0.0,57
Chrisbolt,417,1.09719382551,1
Chrisbolt,418,1.06973449479,2
Chrisbolt,424,0.791699521753,3
Chrisbolt,419,0.763513252394,4
Chrisbolt,416,0.739863043905,5
Chrisbolt,508,0.711722627884,6
Chrisbolt,509,0.651334375043,7
Chrisbolt,507,0.651334375043,8
Chrisbolt,502,0.651334375043,9
Chrisbolt,469,0.645821128375,10
Chrisbolt,501,0.622659512785,11
Chrisbolt,485,0.622659512785,12
Chrisbolt,471,0.622659512785,13
Chrisbolt,458,0.622659512785,14
Chrisbolt,468,0.588471403859,15
Chrisbolt,610,0.582791019564,16
Chrisbolt,524,0.541568817067,17
Chrisbolt,517,0.541568817067,18
Chrisbolt,423,0.539575241838,19
Chrisbolt,421,0.520486946908,20
Chrisbolt,567,0.518407201478,21
Chrisbolt,438,0.468161876161,22
Chrisbolt,557,0.401058010154,23
Chrisbolt,512,0.282957897118,24
Chrisbolt,510,0.282957897118,25
Chrisbolt,498,0.282957897118,26
Chrisbolt,497,0.282957897118,27
Chrisbolt,462,0.271931403782,28
Chrisbolt,489,0.225608172602,29
Chrisbolt,487,0.225608172602,30
Chrisbolt,673,0.0,31
Chrisbolt,667,0.0,32
Chrisbolt,665,0.0,33
Chrisbolt,660,0.0,34
Chrisbolt,659,0.0,35
Chrisbolt,658,0.0,36
Chrisbolt,657,0.0,37
Chrisbolt,656,0.0,38
Chrisbolt,655,0.0,39
Chrisbolt,654,0.0,40
Chrisbolt,653,0.0,41
Chrisbolt,652,0.0,42
Chrisbolt,651,0.0,43
Chrisbolt,649,0.0,44
Chrisbolt,648,0.0,45
Chrisbolt,647,0.0,46
Chrisbolt,646,0.0,47
Chrisbolt,644,0.0,48
Chrisbolt,643,0.0,49
Chrisbolt,642,0.0,50
Chrisbolt,641,0.0,51
Chrisbolt,640,0.0,52
Chrisbolt,639,0.0,53
Chrisbolt,638,0.0,54
Chrisbolt,637,0.0,55
Chrisbolt,636,0.0,56
Chrisbolt,635,0.0,57
Texture,418,24.4392637997,1
Texture,417,22.0066995815,2
Texture,508,21.3159619679,3
Texture,424,20.8918577688,4
Texture,469,19.4391018085,5
Texture,509,19.0895393231,6
Texture,507,19.0895393231,7
Texture,468,18.3020684648,8
Texture,524,18.2402882518,9
Texture,458,18.2078061621,10
Texture,502,18.1801619355,11
Texture,485,17.9570808511,12
Texture,567,17.8254806861,13
Texture,471,17.7807020905,14
Texture,517,17.4835858342,15
Texture,419,16.9105258015,16
Texture,501,16.6813217733,17
Texture,557,16.0877916619,18
Texture,416,15.9186976408,19
Texture,610,15.4049037375,20
Texture,423,12.573415712,21
Texture,497,12.1538062123,22
Texture,498,12.0628550021,23
Texture,512,11.9301900413,24
Texture,510,11.9301900413,25
Texture,644,11.7756499232,26
Texture,421,11.5856465083,27
Texture,636,10.9018026169,28
Texture,659,10.8463720914,29
Texture,658,10.8463720914,30
Texture,657,10.8463720914,31
Texture,654,10.8463720914,32
Texture,653,10.8463720914,33
Texture,652,10.8463720914,34
Texture,647,10.8463720914,35
Texture,646,10.8463720914,36
Texture,640,10.8463720914,37
Texture,638,10.8463720914,38
Texture,643,10.7064803978,39
Texture,639,10.7064803978,40
Texture,635,10.7064803978,41
Texture,660,10.7064803978,42
Texture,656,10.7064803978,43
Texture,651,10.7064803978,44
Texture,649,10.7064803978,45
Texture,648,10.7064803978,46
Texture,642,10.7064803978,47
Texture,641,10.7064803978,48
Texture,655,10.6470220392,49
Texture,637,10.6455135813,50
Texture,489,9.06083121792,51
Texture,487,8.73150117076,52
Texture,462,7.79814618199,53
Texture,667,7.57989499515,54
Texture,665,7.32292679553,55
Texture,673,7.24410467666,56
Texture,438,4.47243612769,57
Davejenk1ns,417,1.23585158382,1
Davejenk1ns,418,1.17372781352,2
Davejenk1ns,424,0.861028400905,3
Davejenk1ns,419,0.832842131547,4
Davejenk1ns,416,0.809191923057,5
Davejenk1ns,508,0.711722627884,6
Davejenk1ns,509,0.651334375043,7
Davejenk1ns,507,0.651334375043,8
Davejenk1ns,502,0.651334375043,9
Davejenk1ns,469,0.645821128375,10
Davejenk1ns,423,0.643568560567,11
Davejenk1ns,501,0.622659512785,12
Davejenk1ns,485,0.622659512785,13
Davejenk1ns,471,0.622659512785,14
Davejenk1ns,458,0.622659512785,15
Davejenk1ns,421,0.58981582606,16
Davejenk1ns,468,0.588471403859,17
Davejenk1ns,610,0.582791019564,18
Davejenk1ns,524,0.541568817067,19
Davejenk1ns,517,0.541568817067,20
Davejenk1ns,438,0.537490755313,21
Davejenk1ns,567,0.518407201478,22
Davejenk1ns,557,0.401058010154,23
Davejenk1ns,512,0.282957897118,24
Davejenk1ns,510,0.282957897118,25
Davejenk1ns,498,0.282957897118,26
Davejenk1ns,497,0.282957897118,27
Davejenk1ns,462,0.271931403782,28
Davejenk1ns,489,0.225608172602,29
Davejenk1ns,487,0.225608172602,30
Davejenk1ns,673,0.0,31
Davejenk1ns,667,0.0,32
Davejenk1ns,665,0.0,33
Davejenk1ns,660,0.0,34
Davejenk1ns,659,0.0,35
Davejenk1ns,658,0.0,36
Davejenk1ns,657,0.0,37
Davejenk1ns,656,0.0,38
Davejenk1ns,655,0.0,39
Davejenk1ns,654,0.0,40
Davejenk1ns,653,0.0,41
Davejenk1ns,652,0.0,42
Davejenk1ns,651,0.0,43
Davejenk1ns,649,0.0,44
Davejenk1ns,648,0.0,45
Davejenk1ns,647,0.0,46
Davejenk1ns,646,0.0,47
Davejenk1ns,644,0.0,48
Davejenk1ns,643,0.0,49
Davejenk1ns,642,0.0,50
Davejenk1ns,641,0.0,51
Davejenk1ns,640,0.0,52
Davejenk1ns,639,0.0,53
Davejenk1ns,638,0.0,54
Davejenk1ns,637,0.0,55
Davejenk1ns,636,0.0,56
Davejenk1ns,635,0.0,57
Edward,418,6.0989114587,1
Edward,417,5.33378374189,2
Edward,508,5.1780445048,3
Edward,424,4.74703303527,4
Edward,509,4.25225771472,5
Edward,507,4.25225771472,6
Edward,419,4.18824896778,7
Edward,502,4.09191864679,8
Edward,524,4.07148936537,9
Edward,469,4.03023592122,10
Edward,416,4.00528131407,11
Edward,485,3.81496890258,12
Edward,501,3.76836452228,13
Edward,471,3.73681680795,14
Edward,468,3.73476413645,15
Edward,567,3.70468354679,16
Edward,458,3.66271810206,17
Edward,517,3.65244583048,18
Edward,557,3.36984811469,19
Edward,610,3.13143154371,20
Edward,421,3.00029258948,21
Edward,423,2.94298962199,22
Edward,512,2.06120481626,23
Edward,510,2.06120481626,24
Edward,497,1.57647605327,25
Edward,498,1.41283027995,26
Edward,644,1.37805637161,27
Edward,438,1.22299974246,28
Edward,667,1.147299718,29
Edward,489,1.1045512685,30
Edward,487,1.1045512685,31
Edward,462,0.943293358505,32
Edward,665,0.927848066553,33
Edward,660,0.927848066553,34
Edward,656,0.927848066553,35
Edward,655,0.927848066553,36
Edward,651,0.927848066553,37
Edward,649,0.927848066553,38
Edward,648,0.927848066553,39
Edward,643,0.927848066553,40
Edward,642,0.927848066553,41
Edward,641,0.927848066553,42
Edward,639,0.927848066553,43
Edward,637,0.927848066553,44
Edward,635,0.927848066553,45
Edward,673,0.900416610122,46
Edward,659,0.900416610122,47
Edward,658,0.900416610122,48
Edward,657,0.900416610122,49
Edward,654,0.900416610122,50
Edward,653,0.900416610122,51
Edward,652,0.900416610122,52
Edward,647,0.900416610122,53
Edward,646,0.900416610122,54
Edward,640,0.900416610122,55
Edward,638,0.900416610122,56
Edward,636,0.900416610122,57
GD~enwiki,418,10.5783747674,1
GD~enwiki,417,8.51299682024,2
GD~enwiki,424,7.65698883019,3
GD~enwiki,508,6.88660246925,4
GD~enwiki,419,6.39743247728,5
GD~enwiki,421,6.37426194081,6
GD~enwiki,416,6.32144161531,7
GD~enwiki,423,6.25203031831,8
GD~enwiki,509,6.02876144201,9
GD~enwiki,507,6.02876144201,10
GD~enwiki,469,5.1905271249,11
GD~enwiki,502,5.0302755523,12
GD~enwiki,471,4.97883159522,13
GD~enwiki,512,4.94935666509,14
GD~enwiki,510,4.94935666509,15
GD~enwiki,485,4.84332288881,16
GD~enwiki,468,4.73597270837,17
GD~enwiki,458,4.67217142789,18
GD~enwiki,501,4.4457597855,19
GD~enwiki,557,4.40698055792,20
GD~enwiki,524,4.19777358893,21
GD~enwiki,567,4.12243631539,22
GD~enwiki,610,4.08347785205,23
GD~enwiki,517,3.77533552979,24
GD~enwiki,497,3.70774847952,25
GD~enwiki,498,3.6026618226,26
GD~enwiki,489,2.94244882278,27
GD~enwiki,487,2.90224829782,28
GD~enwiki,438,2.33973402926,29
GD~enwiki,462,2.24610770018,30
GD~enwiki,644,1.70754984492,31
GD~enwiki,673,1.31778979133,32
GD~enwiki,667,1.31778979133,33
GD~enwiki,665,1.31778979133,34
GD~enwiki,660,1.31778979133,35
GD~enwiki,659,1.31778979133,36
GD~enwiki,658,1.31778979133,37
GD~enwiki,657,1.31778979133,38
GD~enwiki,656,1.31778979133,39
GD~enwiki,655,1.31778979133,40
GD~enwiki,654,1.31778979133,41
GD~enwiki,653,1.31778979133,42
GD~enwiki,652,1.31778979133,43
GD~enwiki,651,1.31778979133,44
GD~enwiki,649,1.31778979133,45
GD~enwiki,648,1.31778979133,46
GD~enwiki,647,1.31778979133,47
GD~enwiki,646,1.31778979133,48
GD~enwiki,643,1.31778979133,49
GD~enwiki,642,1.31778979133,50
GD~enwiki,641,1.31778979133,51
GD~enwiki,640,1.31778979133,52
GD~enwiki,639,1.31778979133,53
GD~enwiki,638,1.31778979133,54
GD~enwiki,637,1.31778979133,55
GD~enwiki,636,1.31778979133,56
GD~enwiki,635,1.31778979133,57
Jdavidb,418,9.93076228127,1
Jdavidb,417,7.8049776603,2
Jdavidb,424,6.92464921991,3
Jdavidb,508,6.76948306972,4
Jdavidb,419,6.2429039229,5
Jdavidb,416,5.94484342367,6
Jdavidb,423,5.51840015974,7
Jdavidb,509,5.49331074267,8
Jdavidb,507,5.49331074267,9
Jdavidb,421,5.41247069463,10
Jdavidb,469,4.50662002914,11
Jdavidb,502,4.33593382638,12
Jdavidb,557,4.31967447576,13
Jdavidb,512,4.28344527677,14
Jdavidb,510,4.28344527677,15
Jdavidb,471,4.23884226746,16
Jdavidb,485,4.11402983146,17
Jdavidb,567,4.10648757763,18
Jdavidb,468,4.07687790234,19
Jdavidb,524,4.02098675193,20
Jdavidb,458,3.96313745367,21
Jdavidb,501,3.90733656755,22
Jdavidb,610,3.89324862147,23
Jdavidb,517,3.7294203657,24
Jdavidb,497,2.83307690319,25
Jdavidb,498,2.69917816118,26
Jdavidb,438,2.39250832657,27
Jdavidb,489,2.25727016791,28
Jdavidb,487,2.25164520017,29
Jdavidb,462,2.23508225005,30
Jdavidb,644,1.72307054111,31
Jdavidb,667,1.46897647358,32
Jdavidb,665,1.24952482213,33
Jdavidb,660,1.24952482213,34
Jdavidb,656,1.24952482213,35
Jdavidb,655,1.24952482213,36
Jdavidb,651,1.24952482213,37
Jdavidb,649,1.24952482213,38
Jdavidb,648,1.24952482213,39
Jdavidb,643,1.24952482213,40
Jdavidb,642,1.24952482213,41
Jdavidb,641,1.24952482213,42
Jdavidb,639,1.24952482213,43
Jdavidb,637,1.24952482213,44
Jdavidb,635,1.24952482213,45
Jdavidb,673,1.2220933657,46
Jdavidb,659,1.2220933657,47
Jdavidb,658,1.2220933657,48
Jdavidb,657,1.2220933657,49
Jdavidb,654,1.2220933657,50
Jdavidb,653,1.2220933657,51
Jdavidb,652,1.2220933657,52
Jdavidb,647,1.2220933657,53
Jdavidb,646,1.2220933657,54
Jdavidb,640,1.2220933657,55
Jdavidb,638,1.2220933657,56
Jdavidb,636,1.2220933657,57
Gazpacho,418,9.64719442859,1
Gazpacho,417,7.84033593561,2
Gazpacho,424,7.06275458628,3
Gazpacho,508,6.41944004405,4
Gazpacho,419,6.02268770309,5
Gazpacho,416,5.97200532805,6
Gazpacho,421,5.87995753962,7
Gazpacho,423,5.56205531233,8
Gazpacho,509,5.32102074514,9
Gazpacho,507,5.32102074514,10
Gazpacho,469,4.50534575529,11
Gazpacho,512,4.38980706785,12
Gazpacho,510,4.38980706785,13
Gazpacho,471,4.26800887402,14
Gazpacho,557,4.16235665307,15
Gazpacho,468,4.10094271886,16
Gazpacho,502,4.04815783394,17
Gazpacho,458,3.94637337104,18
Gazpacho,524,3.91045673336,19
Gazpacho,485,3.82248773193,20
Gazpacho,610,3.75573890859,21
Gazpacho,501,3.67078944302,22
Gazpacho,517,3.55823548291,23
Gazpacho,567,3.54011122917,24
Gazpacho,498,3.20949986298,25
Gazpacho,497,3.20017572103,26
Gazpacho,438,2.5645526371,27
Gazpacho,489,2.35215133062,28
Gazpacho,487,2.04907739355,29
Gazpacho,462,2.01400972836,30
Gazpacho,644,1.71072682496,31
Gazpacho,673,1.37382604745,32
Gazpacho,667,1.37382604745,33
Gazpacho,665,1.37382604745,34
Gazpacho,660,1.37382604745,35
Gazpacho,659,1.37382604745,36
Gazpacho,658,1.37382604745,37
Gazpacho,657,1.37382604745,38
Gazpacho,656,1.37382604745,39
Gazpacho,655,1.37382604745,40
Gazpacho,654,1.37382604745,41
Gazpacho,653,1.37382604745,42
Gazpacho,652,1.37382604745,43
Gazpacho,651,1.37382604745,44
Gazpacho,649,1.37382604745,45
Gazpacho,648,1.37382604745,46
Gazpacho,647,1.37382604745,47
Gazpacho,646,1.37382604745,48
Gazpacho,643,1.37382604745,49
Gazpacho,642,1.37382604745,50
Gazpacho,641,1.37382604745,51
Gazpacho,640,1.37382604745,52
Gazpacho,639,1.37382604745,53
Gazpacho,638,1.37382604745,54
Gazpacho,637,1.37382604745,55
Gazpacho,636,1.37382604745,56
Gazpacho,635,1.37382604745,57
ALargeElk,418,4.00191707495,1
ALargeElk,417,3.43371640138,2
ALargeElk,424,3.17237761017,3
ALargeElk,419,3.16894133974,4
ALargeElk,416,2.98879421012,5
ALargeElk,421,2.59734180693,6
ALargeElk,423,2.55671313239,7
ALargeElk,508,2.51527665754,8
ALargeElk,509,2.15969089066,9
ALargeElk,507,2.15969089066,10
ALargeElk,512,1.78352119417,11
ALargeElk,510,1.78352119417,12
ALargeElk,438,1.53047447722,13
ALargeElk,469,1.38254400742,14
ALargeElk,471,1.35938239183,15
ALargeElk,502,1.26930461425,16
ALargeElk,485,1.26130173459,17
ALargeElk,458,1.23459794671,18
ALargeElk,468,1.19147628632,19
ALargeElk,501,1.13558661766,20
ALargeElk,567,1.00959869155,21
ALargeElk,517,0.989699013424,22
ALargeElk,610,0.977312762564,23
ALargeElk,524,0.912154979863,24
ALargeElk,498,0.871799250189,25
ALargeElk,497,0.845095462309,26
ALargeElk,557,0.844900024564,27
ALargeElk,462,0.738816450261,28
ALargeElk,487,0.669331603491,29
ALargeElk,489,0.654027741209,30
ALargeElk,644,0.18896164624,31
ALargeElk,673,0.14172123468,32
ALargeElk,667,0.14172123468,33
ALargeElk,665,0.14172123468,34
ALargeElk,660,0.14172123468,35
ALargeElk,659,0.14172123468,36
ALargeElk,658,0.14172123468,37
ALargeElk,657,0.14172123468,38
ALargeElk,656,0.14172123468,39
ALargeElk,655,0.14172123468,40
ALargeElk,654,0.14172123468,41
ALargeElk,653,0.14172123468,42
ALargeElk,652,0.14172123468,43
ALargeElk,651,0.14172123468,44
ALargeElk,649,0.14172123468,45
ALargeElk,648,0.14172123468,46
ALargeElk,647,0.14172123468,47
ALargeElk,646,0.14172123468,48
ALargeElk,643,0.14172123468,49
ALargeElk,642,0.14172123468,50
ALargeElk,641,0.14172123468,51
ALargeElk,640,0.14172123468,52
ALargeElk,639,0.14172123468,53
ALargeElk,638,0.14172123468,54
ALargeElk,637,0.14172123468,55
ALargeElk,636,0.14172123468,56
ALargeElk,635,0.14172123468,57
Jafro,418,3.58680532272,1
Jafro,417,3.01917023287,2
Jafro,424,2.73392844403,3
Jafro,419,2.7304921736,4
Jafro,416,2.55034504397,5
Jafro,421,2.1915861932,6
Jafro,508,2.19106016347,7
Jafro,423,2.15006904155,8
Jafro,509,1.83547439659,9
Jafro,507,1.83547439659,10
Jafro,512,1.50414353243,11
Jafro,510,1.50414353243,12
Jafro,438,1.09202531108,13
Jafro,469,1.02652243804,14
Jafro,471,1.00336082245,15
Jafro,502,0.945088120176,16
Jafro,485,0.937973717622,17
Jafro,458,0.911269929742,18
Jafro,468,0.864129579196,19
Jafro,501,0.811370123591,20
Jafro,567,0.800905543396,21
Jafro,610,0.796170403572,22
Jafro,517,0.721608524975,23
Jafro,524,0.676758043828,24
Jafro,557,0.653629807008,25
Jafro,498,0.625115140861,26
Jafro,497,0.598411352982,27
Jafro,462,0.492544300174,28
Jafro,487,0.446221068994,29
Jafro,489,0.436018494139,30
Jafro,644,0.14172123468,31
Jafro,673,0.0944808231199,32
Jafro,667,0.0944808231199,33
Jafro,665,0.0944808231199,34
Jafro,660,0.0944808231199,35
Jafro,659,0.0944808231199,36
Jafro,658,0.0944808231199,37
Jafro,657,0.0944808231199,38
Jafro,656,0.0944808231199,39
Jafro,655,0.0944808231199,40
Jafro,654,0.0944808231199,41
Jafro,653,0.0944808231199,42
Jafro,652,0.0944808231199,43
Jafro,651,0.0944808231199,44
Jafro,649,0.0944808231199,45
Jafro,648,0.0944808231199,46
Jafro,647,0.0944808231199,47
Jafro,646,0.0944808231199,48
Jafro,643,0.0944808231199,49
Jafro,642,0.0944808231199,50
Jafro,641,0.0944808231199,51
Jafro,640,0.0944808231199,52
Jafro,639,0.0944808231199,53
Jafro,638,0.0944808231199,54
Jafro,637,0.0944808231199,55
Jafro,636,0.0944808231199,56
Jafro,635,0.0944808231199,57
Mr.President~enwiki,418,3.58680532272,1
Mr.President~enwiki,417,3.01917023287,2
Mr.President~enwiki,424,2.73392844403,3
Mr.President~enwiki,419,2.7304921736,4
Mr.President~enwiki,416,2.55034504397,5
Mr.President~enwiki,421,2.1915861932,6
Mr.President~enwiki,508,2.19106016347,7
Mr.President~enwiki,423,2.15006904155,8
Mr.President~enwiki,509,1.83547439659,9
Mr.President~enwiki,507,1.83547439659,10
Mr.President~enwiki,512,1.50414353243,11
Mr.President~enwiki,510,1.50414353243,12
Mr.President~enwiki,438,1.09202531108,13
Mr.President~enwiki,469,1.02652243804,14
Mr.President~enwiki,471,1.00336082245,15
Mr.President~enwiki,502,0.945088120176,16
Mr.President~enwiki,485,0.937973717622,17
Mr.President~enwiki,458,0.911269929742,18
Mr.President~enwiki,468,0.864129579196,19
Mr.President~enwiki,501,0.811370123591,20
Mr.President~enwiki,567,0.800905543396,21
Mr.President~enwiki,610,0.796170403572,22
Mr.President~enwiki,517,0.721608524975,23
Mr.President~enwiki,524,0.676758043828,24
Mr.President~enwiki,557,0.653629807008,25
Mr.President~enwiki,498,0.625115140861,26
Mr.President~enwiki,497,0.598411352982,27
Mr.President~enwiki,462,0.492544300174,28
Mr.President~enwiki,487,0.446221068994,29
Mr.President~enwiki,489,0.436018494139,30
Mr.President~enwiki,644,0.14172123468,31
Mr.President~enwiki,673,0.0944808231199,32
Mr.President~enwiki,667,0.0944808231199,33
Mr.President~enwiki,665,0.0944808231199,34
Mr.President~enwiki,660,0.0944808231199,35
Mr.President~enwiki,659,0.0944808231199,36
Mr.President~enwiki,658,0.0944808231199,37
Mr.President~enwiki,657,0.0944808231199,38
Mr.President~enwiki,656,0.0944808231199,39
Mr.President~enwiki,655,0.0944808231199,40
Mr.President~enwiki,654,0.0944808231199,41
Mr.President~enwiki,653,0.0944808231199,42
Mr.President~enwiki,652,0.0944808231199,43
Mr.President~enwiki,651,0.0944808231199,44
Mr.President~enwiki,649,0.0944808231199,45
Mr.President~enwiki,648,0.0944808231199,46
Mr.President~enwiki,647,0.0944808231199,47
Mr.President~enwiki,646,0.0944808231199,48
Mr.President~enwiki,643,0.0944808231199,49
Mr.President~enwiki,642,0.0944808231199,50
Mr.President~enwiki,641,0.0944808231199,51
Mr.President~enwiki,640,0.0944808231199,52
Mr.President~enwiki,639,0.0944808231199,53
Mr.President~enwiki,638,0.0944808231199,54
Mr.President~enwiki,637,0.0944808231199,55
Mr.President~enwiki,636,0.0944808231199,56
Mr.President~enwiki,635,0.0944808231199,57
Kingal86,418,5.97315562188,1
Kingal86,417,5.06425034175,2
Kingal86,458,4.32030391435,3
Kingal86,469,4.29101995202,4
Kingal86,424,4.26437805644,5
Kingal86,468,4.2060524603,6
Kingal86,419,4.12656830029,7
Kingal86,423,4.12032577656,8
Kingal86,416,3.97312495855,9
Kingal86,508,3.82739234459,10
Kingal86,462,3.37541077593,11
Kingal86,421,3.29235984964,12
Kingal86,509,3.11264098325,13
Kingal86,507,3.11264098325,14
Kingal86,471,2.70743488547,15
Kingal86,485,2.63132585929,16
Kingal86,512,2.54973049506,17
Kingal86,510,2.54973049506,18
Kingal86,502,2.54116988883,19
Kingal86,501,2.46283054238,20
Kingal86,610,2.42176029916,21
Kingal86,557,2.42066841349,22
Kingal86,567,2.4190928997,23
Kingal86,524,2.31981226628,24
Kingal86,517,2.2996254423,25
Kingal86,487,2.0209857284,26
Kingal86,489,1.92766731397,27
Kingal86,498,1.87082260491,28
Kingal86,497,1.87082260491,29
Kingal86,438,1.4259536736,30
Kingal86,644,0.755859334206,31
Kingal86,673,0.578704603544,32
Kingal86,667,0.578704603544,33
Kingal86,665,0.578704603544,34
Kingal86,660,0.578704603544,35
Kingal86,659,0.578704603544,36
Kingal86,658,0.578704603544,37
Kingal86,657,0.578704603544,38
Kingal86,656,0.578704603544,39
Kingal86,655,0.578704603544,40
Kingal86,654,0.578704603544,41
Kingal86,653,0.578704603544,42
Kingal86,652,0.578704603544,43
Kingal86,651,0.578704603544,44
Kingal86,649,0.578704603544,45
Kingal86,648,0.578704603544,46
Kingal86,647,0.578704603544,47
Kingal86,646,0.578704603544,48
Kingal86,643,0.578704603544,49
Kingal86,642,0.578704603544,50
Kingal86,641,0.578704603544,51
Kingal86,640,0.578704603544,52
Kingal86,639,0.578704603544,53
Kingal86,638,0.578704603544,54
Kingal86,637,0.578704603544,55
Kingal86,636,0.578704603544,56
Kingal86,635,0.578704603544,57
Cyrius,418,4.61033411595,1
Cyrius,417,3.78314647257,2
Cyrius,424,3.52362720733,3
Cyrius,508,3.23095341137,4
Cyrius,469,3.22319535587,5
Cyrius,468,3.13878020959,6
Cyrius,458,3.06292650864,7
Cyrius,419,3.02282934013,8
Cyrius,416,2.86938599838,9
Cyrius,423,2.7861240355,10
Cyrius,421,2.77021040484,11
Cyrius,509,2.64422620079,12
Cyrius,507,2.64422620079,13
Cyrius,485,2.23568651415,14
Cyrius,471,2.18612620638,15
Cyrius,462,2.1421492506,16
Cyrius,512,2.06200101984,17
Cyrius,510,2.06200101984,18
Cyrius,502,2.04656140935,19
Cyrius,501,1.89616817959,20
Cyrius,610,1.89444088485,21
Cyrius,567,1.86654812329,22
Cyrius,557,1.86088303426,23
Cyrius,524,1.71589200726,24
Cyrius,517,1.61630645623,25
Cyrius,487,1.60421051598,26
Cyrius,498,1.55972752563,27
Cyrius,497,1.55972752563,28
Cyrius,489,1.54269717685,29
Cyrius,438,1.04520255143,30
Cyrius,644,0.42457815572,31
Cyrius,673,0.298798907666,32
Cyrius,667,0.298798907666,33
Cyrius,665,0.298798907666,34
Cyrius,660,0.298798907666,35
Cyrius,659,0.298798907666,36
Cyrius,658,0.298798907666,37
Cyrius,657,0.298798907666,38
Cyrius,656,0.298798907666,39
Cyrius,655,0.298798907666,40
Cyrius,654,0.298798907666,41
Cyrius,653,0.298798907666,42
Cyrius,652,0.298798907666,43
Cyrius,651,0.298798907666,44
Cyrius,649,0.298798907666,45
Cyrius,648,0.298798907666,46
Cyrius,647,0.298798907666,47
Cyrius,646,0.298798907666,48
Cyrius,643,0.298798907666,49
Cyrius,642,0.298798907666,50
Cyrius,641,0.298798907666,51
Cyrius,640,0.298798907666,52
Cyrius,639,0.298798907666,53
Cyrius,638,0.298798907666,54
Cyrius,637,0.298798907666,55
Cyrius,636,0.298798907666,56
Cyrius,635,0.298798907666,57
Tatarize,418,4.81667607542,1
Tatarize,417,3.90890196274,2
Tatarize,424,3.2682541497,3
Tatarize,423,3.0577998511,4
Tatarize,508,2.8534685441,5
Tatarize,419,2.8210623246,6
Tatarize,421,2.67276563011,7
Tatarize,416,2.66761898285,8
Tatarize,458,2.58373736113,9
Tatarize,469,2.57324256676,10
Tatarize,468,2.48882742048,11
Tatarize,471,2.24547895951,12
Tatarize,509,2.16491087979,13
Tatarize,507,2.16491087979,14
Tatarize,462,1.80288796831,15
Tatarize,512,1.70435336589,16
Tatarize,510,1.70435336589,17
Tatarize,610,1.67812975529,18
Tatarize,557,1.66203711778,19
Tatarize,485,1.59137523943,20
Tatarize,502,1.56724608834,21
Tatarize,567,1.56545849077,22
Tatarize,501,1.48890674189,23
Tatarize,524,1.46617785735,24
Tatarize,517,1.38060392854,25
Tatarize,498,1.06463888353,26
Tatarize,497,1.06463888353,27
Tatarize,487,1.05355203675,28
Tatarize,489,0.98994188614,29
Tatarize,438,0.820540326193,30
Tatarize,644,0.531464191985,31
Tatarize,673,0.354309461323,32
Tatarize,667,0.354309461323,33
Tatarize,665,0.354309461323,34
Tatarize,660,0.354309461323,35
Tatarize,659,0.354309461323,36
Tatarize,658,0.354309461323,37
Tatarize,657,0.354309461323,38
Tatarize,656,0.354309461323,39
Tatarize,655,0.354309461323,40
Tatarize,654,0.354309461323,41
Tatarize,653,0.354309461323,42
Tatarize,652,0.354309461323,43
Tatarize,651,0.354309461323,44
Tatarize,649,0.354309461323,45
Tatarize,648,0.354309461323,46
Tatarize,647,0.354309461323,47
Tatarize,646,0.354309461323,48
Tatarize,643,0.354309461323,49
Tatarize,642,0.354309461323,50
Tatarize,641,0.354309461323,51
Tatarize,640,0.354309461323,52
Tatarize,639,0.354309461323,53
Tatarize,638,0.354309461323,54
Tatarize,637,0.354309461323,55
Tatarize,636,0.354309461323,56
Tatarize,635,0.354309461323,57
Sir Paul,418,4.12300891482,1
Sir Paul,417,3.21523480213,2
Sir Paul,419,2.83435400273,3
Sir Paul,508,2.78808143927,4
Sir Paul,424,2.69876970378,5
Sir Paul,416,2.68091066099,6
Sir Paul,421,2.42900837395,7
Sir Paul,423,2.36292435612,8
Sir Paul,509,2.09952377496,9
Sir Paul,507,2.09952377496,10
Sir Paul,469,1.86749206239,11
Sir Paul,468,1.78307691612,12
Sir Paul,610,1.67812975529,13
Sir Paul,557,1.66203711778,14
Sir Paul,485,1.65917901301,15
Sir Paul,512,1.63896626106,16
Sir Paul,510,1.63896626106,17
Sir Paul,471,1.63121761742,18
Sir Paul,567,1.56545849077,19
Sir Paul,458,1.53167273135,20
Sir Paul,502,1.50185898351,21
Sir Paul,524,1.46617785735,22
Sir Paul,501,1.42351963707,23
Sir Paul,517,1.31521682371,24
Sir Paul,462,1.18620995747,25
Sir Paul,487,1.12135581033,26
Sir Paul,489,1.09164754651,27
Sir Paul,498,1.06463888353,28
Sir Paul,497,1.06463888353,29
Sir Paul,438,0.755153221366,30
Sir Paul,644,0.531464191985,31
Sir Paul,673,0.354309461323,32
Sir Paul,667,0.354309461323,33
Sir Paul,665,0.354309461323,34
Sir Paul,660,0.354309461323,35
Sir Paul,659,0.354309461323,36
Sir Paul,658,0.354309461323,37
Sir Paul,657,0.354309461323,38
Sir Paul,656,0.354309461323,39
Sir Paul,655,0.354309461323,40
Sir Paul,654,0.354309461323,41
Sir Paul,653,0.354309461323,42
Sir Paul,652,0.354309461323,43
Sir Paul,651,0.354309461323,44
Sir Paul,649,0.354309461323,45
Sir Paul,648,0.354309461323,46
Sir Paul,647,0.354309461323,47
Sir Paul,646,0.354309461323,48
Sir Paul,643,0.354309461323,49
Sir Paul,642,0.354309461323,50
Sir Paul,641,0.354309461323,51
Sir Paul,640,0.354309461323,52
Sir Paul,639,0.354309461323,53
Sir Paul,638,0.354309461323,54
Sir Paul,637,0.354309461323,55
Sir Paul,636,0.354309461323,56
Sir Paul,635,0.354309461323,57
Commodore Sloat,418,9.15218325672,1
Commodore Sloat,417,6.92758919185,2
Commodore Sloat,644,6.76012512088,3
Commodore Sloat,508,6.75424845944,4
Commodore Sloat,424,6.35600362811,5
Commodore Sloat,655,6.05179003115,6
Commodore Sloat,637,6.05179003115,7
Commodore Sloat,647,6.05133665669,8
Commodore Sloat,659,5.93141150106,9
Commodore Sloat,658,5.93141150106,10
Commodore Sloat,657,5.93141150106,11
Commodore Sloat,654,5.93141150106,12
Commodore Sloat,653,5.93141150106,13
Commodore Sloat,652,5.93141150106,14
Commodore Sloat,646,5.93141150106,15
Commodore Sloat,640,5.93141150106,16
Commodore Sloat,638,5.93141150106,17
Commodore Sloat,660,5.91144496303,18
Commodore Sloat,656,5.91144496303,19
Commodore Sloat,651,5.91144496303,20
Commodore Sloat,649,5.91144496303,21
Commodore Sloat,648,5.91144496303,22
Commodore Sloat,643,5.91144496303,23
Commodore Sloat,642,5.91144496303,24
Commodore Sloat,641,5.91144496303,25
Commodore Sloat,639,5.91144496303,26
Commodore Sloat,635,5.91144496303,27
Commodore Sloat,636,5.66017040173,28
Commodore Sloat,419,5.55544550749,29
Commodore Sloat,509,5.55240612473,30
Commodore Sloat,507,5.55240612473,31
Commodore Sloat,416,5.26658771818,32
Commodore Sloat,469,4.93542325504,33
Commodore Sloat,524,4.88215981313,34
Commodore Sloat,502,4.79440226535,35
Commodore Sloat,485,4.76915437499,36
Commodore Sloat,471,4.72018555307,37
Commodore Sloat,610,4.71241771925,38
Commodore Sloat,468,4.69378067307,39
Commodore Sloat,567,4.62364788118,40
Commodore Sloat,458,4.59626286655,41
Commodore Sloat,501,4.42505328896,42
Commodore Sloat,421,4.12175847237,43
Commodore Sloat,517,3.96238617059,44
Commodore Sloat,423,3.93146252841,45
Commodore Sloat,512,3.52096284741,46
Commodore Sloat,510,3.52096284741,47
Commodore Sloat,557,3.37829225454,48
Commodore Sloat,667,2.86268919837,49
Commodore Sloat,665,2.72564615438,50
Commodore Sloat,673,2.64343808397,51
Commodore Sloat,497,2.43565698491,52
Commodore Sloat,487,2.29071748074,53
Commodore Sloat,498,2.27201121159,54
Commodore Sloat,489,2.13625706795,55
Commodore Sloat,462,1.71647092198,56
Commodore Sloat,438,1.12112621975,57
JoseBlanco,418,4.58056622747,1
JoseBlanco,417,3.59947870558,2
JoseBlanco,508,3.14814804122,3
JoseBlanco,424,3.11002249082,4
JoseBlanco,419,2.75561191658,5
JoseBlanco,423,2.75000919442,6
JoseBlanco,421,2.60605810979,7
JoseBlanco,416,2.60216857483,8
JoseBlanco,509,2.50849199741,9
JoseBlanco,507,2.50849199741,10
JoseBlanco,469,2.23169975707,11
JoseBlanco,468,2.1472846108,12
JoseBlanco,512,2.07237433054,13
JoseBlanco,510,2.07237433054,14
JoseBlanco,471,2.01858692769,15
JoseBlanco,557,1.95588784424,16
JoseBlanco,610,1.94498095095,17
JoseBlanco,458,1.94448822179,18
JoseBlanco,502,1.91082720596,19
JoseBlanco,485,1.7965985768,20
JoseBlanco,567,1.78142667886,21
JoseBlanco,501,1.7604339762,22
JoseBlanco,524,1.71143014082,23
JoseBlanco,517,1.53346957638,24
JoseBlanco,498,1.2731059975,25
JoseBlanco,497,1.2731059975,26
JoseBlanco,487,1.25776904099,27
JoseBlanco,489,1.22806077716,28
JoseBlanco,462,1.13988672629,29
JoseBlanco,644,0.855458561616,30
JoseBlanco,438,0.752027814549,31
JoseBlanco,673,0.651304300151,32
JoseBlanco,667,0.651304300151,33
JoseBlanco,665,0.651304300151,34
JoseBlanco,660,0.651304300151,35
JoseBlanco,659,0.651304300151,36
JoseBlanco,658,0.651304300151,37
JoseBlanco,657,0.651304300151,38
JoseBlanco,656,0.651304300151,39
JoseBlanco,655,0.651304300151,40
JoseBlanco,654,0.651304300151,41
JoseBlanco,653,0.651304300151,42
JoseBlanco,652,0.651304300151,43
JoseBlanco,651,0.651304300151,44
JoseBlanco,649,0.651304300151,45
JoseBlanco,648,0.651304300151,46
JoseBlanco,647,0.651304300151,47
JoseBlanco,646,0.651304300151,48
JoseBlanco,643,0.651304300151,49
JoseBlanco,642,0.651304300151,50
JoseBlanco,641,0.651304300151,51
JoseBlanco,640,0.651304300151,52
JoseBlanco,639,0.651304300151,53
JoseBlanco,638,0.651304300151,54
JoseBlanco,637,0.651304300151,55
JoseBlanco,636,0.651304300151,56
JoseBlanco,635,0.651304300151,57
Confuzion,418,10.4207678836,1
Confuzion,417,8.32261811088,2
Confuzion,424,7.58246365125,3
Confuzion,508,7.34910351915,4
Confuzion,469,6.60559942264,5
Confuzion,458,6.54717680362,6
Confuzion,509,6.51819007545,7
Confuzion,507,6.51819007545,8
Confuzion,502,6.33340658468,9
Confuzion,471,6.24425016924,10
Confuzion,423,6.16883825666,11
Confuzion,419,5.95755623647,12
Confuzion,501,5.85747791533,13
Confuzion,416,5.64871781846,14
Confuzion,485,5.58962188712,15
Confuzion,468,5.57989681302,16
Confuzion,512,5.06280585702,17
Confuzion,510,5.06280585702,18
Confuzion,567,4.99341284543,19
Confuzion,421,4.95298018732,20
Confuzion,524,4.87803959654,21
Confuzion,610,4.84696282758,22
Confuzion,557,4.78220184455,23
Confuzion,517,4.51603985576,24
Confuzion,497,3.89729195444,25
Confuzion,498,3.84659672776,26
Confuzion,487,3.62311284247,27
Confuzion,489,3.6150070791,28
Confuzion,462,2.68344133923,29
Confuzion,665,2.06441167329,30
Confuzion,438,1.75140216336,31
Confuzion,644,1.64112735822,32
Confuzion,673,1.27807109251,33
Confuzion,667,1.27807109251,34
Confuzion,660,1.27807109251,35
Confuzion,659,1.27807109251,36
Confuzion,658,1.27807109251,37
Confuzion,657,1.27807109251,38
Confuzion,656,1.27807109251,39
Confuzion,655,1.27807109251,40
Confuzion,654,1.27807109251,41
Confuzion,653,1.27807109251,42
Confuzion,652,1.27807109251,43
Confuzion,651,1.27807109251,44
Confuzion,649,1.27807109251,45
Confuzion,648,1.27807109251,46
Confuzion,647,1.27807109251,47
Confuzion,646,1.27807109251,48
Confuzion,643,1.27807109251,49
Confuzion,642,1.27807109251,50
Confuzion,641,1.27807109251,51
Confuzion,640,1.27807109251,52
Confuzion,639,1.27807109251,53
Confuzion,638,1.27807109251,54
Confuzion,637,1.27807109251,55
Confuzion,636,1.27807109251,56
Confuzion,635,1.27807109251,57
Jay,418,8.55973048815,1
Jay,417,6.36626601224,2
Jay,508,6.06187232069,3
Jay,424,5.80476821282,4
Jay,509,5.25634191869,5
Jay,507,5.25634191869,6
Jay,469,4.99615782665,7
Jay,471,4.78446229697,8
Jay,458,4.6085763393,9
Jay,512,4.55747858124,10
Jay,510,4.55747858124,11
Jay,502,4.5243850214,12
Jay,501,4.04845635205,13
Jay,557,4.03877466494,14
Jay,419,4.03248174381,15
Jay,468,4.0294386077,16
Jay,497,3.96742918481,17
Jay,423,3.82631662207,18
Jay,421,3.77596687931,19
Jay,416,3.72364332581,20
Jay,485,3.59313555058,21
Jay,498,3.58043662624,22
Jay,517,3.45320175237,23
Jay,524,3.43433386932,24
Jay,567,3.37030651996,25
Jay,610,3.30847732547,26
Jay,489,2.92392952829,27
Jay,487,2.2456951965,28
Jay,462,1.77381110259,29
Jay,644,1.36417087995,30
Jay,438,1.23610382805,31
Jay,673,1.00111461424,32
Jay,667,1.00111461424,33
Jay,665,1.00111461424,34
Jay,660,1.00111461424,35
Jay,659,1.00111461424,36
Jay,658,1.00111461424,37
Jay,657,1.00111461424,38
Jay,656,1.00111461424,39
Jay,655,1.00111461424,40
Jay,654,1.00111461424,41
Jay,653,1.00111461424,42
Jay,652,1.00111461424,43
Jay,651,1.00111461424,44
Jay,649,1.00111461424,45
Jay,648,1.00111461424,46
Jay,647,1.00111461424,47
Jay,646,1.00111461424,48
Jay,643,1.00111461424,49
Jay,642,1.00111461424,50
Jay,641,1.00111461424,51
Jay,640,1.00111461424,52
Jay,639,1.00111461424,53
Jay,638,1.00111461424,54
Jay,637,1.00111461424,55
Jay,636,1.00111461424,56
Jay,635,1.00111461424,57
WpZurp,418,5.28121996211,1
WpZurp,417,4.08324994331,2
WpZurp,424,3.5734488358,3
WpZurp,508,3.24638384683,4
WpZurp,423,2.79764838261,5
WpZurp,419,2.7770939031,6
WpZurp,469,2.73978008119,7
WpZurp,509,2.60828115365,8
WpZurp,507,2.60828115365,9
WpZurp,416,2.59694677347,10
WpZurp,421,2.57664773597,11
WpZurp,471,2.52666725181,12
WpZurp,468,2.46601903852,13
WpZurp,458,2.40041857786,14
WpZurp,512,2.12001351873,15
WpZurp,510,2.12001351873,16
WpZurp,489,1.93191704152,17
WpZurp,502,1.88296135244,18
WpZurp,485,1.86399215017,19
WpZurp,501,1.7058643348,20
WpZurp,610,1.67187894166,21
WpZurp,557,1.59217615353,22
WpZurp,567,1.56077038055,23
WpZurp,498,1.54349259052,24
WpZurp,497,1.51678880264,25
WpZurp,524,1.49173570729,26
WpZurp,517,1.36747846154,27
WpZurp,487,1.24505125071,28
WpZurp,462,1.07627657567,29
WpZurp,438,0.741825239694,30
WpZurp,644,0.531464191985,31
WpZurp,673,0.354309461323,32
WpZurp,667,0.354309461323,33
WpZurp,665,0.354309461323,34
WpZurp,660,0.354309461323,35
WpZurp,659,0.354309461323,36
WpZurp,658,0.354309461323,37
WpZurp,657,0.354309461323,38
WpZurp,656,0.354309461323,39
WpZurp,655,0.354309461323,40
WpZurp,654,0.354309461323,41
WpZurp,653,0.354309461323,42
WpZurp,652,0.354309461323,43
WpZurp,651,0.354309461323,44
WpZurp,649,0.354309461323,45
WpZurp,648,0.354309461323,46
WpZurp,647,0.354309461323,47
WpZurp,646,0.354309461323,48
WpZurp,643,0.354309461323,49
WpZurp,642,0.354309461323,50
WpZurp,641,0.354309461323,51
WpZurp,640,0.354309461323,52
WpZurp,639,0.354309461323,53
WpZurp,638,0.354309461323,54
WpZurp,637,0.354309461323,55
WpZurp,636,0.354309461323,56
WpZurp,635,0.354309461323,57
Gary D,418,4.71833829132,1
Gary D,417,3.2756199968,2
Gary D,508,2.97911356358,3
Gary D,424,2.75580276009,4
Gary D,423,2.53057680035,5
Gary D,509,2.36486658088,6
Gary D,507,2.36486658088,7
Gary D,416,2.30492610974,8
Gary D,419,2.14129037089,9
Gary D,501,2.06995771751,10
Gary D,421,1.98429270125,11
Gary D,512,1.95399502861,12
Gary D,510,1.95399502861,13
Gary D,502,1.9304413439,14
Gary D,468,1.91483496124,15
Gary D,471,1.88044127583,16
Gary D,469,1.85781083198,17
Gary D,458,1.71550928494,18
Gary D,557,1.68952376087,19
Gary D,485,1.59732635521,20
Gary D,524,1.55209941087,21
Gary D,567,1.54342892113,22
Gary D,610,1.49885101971,23
Gary D,498,1.47223750851,24
Gary D,497,1.42530880984,25
Gary D,517,1.38261514835,26
Gary D,489,1.22883416912,27
Gary D,487,1.12822418832,28
Gary D,462,0.921184610679,29
Gary D,438,0.817887241203,30
Gary D,644,0.624502738397,31
Gary D,673,0.416335158931,32
Gary D,667,0.416335158931,33
Gary D,665,0.416335158931,34
Gary D,660,0.416335158931,35
Gary D,659,0.416335158931,36
Gary D,658,0.416335158931,37
Gary D,657,0.416335158931,38
Gary D,656,0.416335158931,39
Gary D,655,0.416335158931,40
Gary D,654,0.416335158931,41
Gary D,653,0.416335158931,42
Gary D,652,0.416335158931,43
Gary D,651,0.416335158931,44
Gary D,649,0.416335158931,45
Gary D,648,0.416335158931,46
Gary D,647,0.416335158931,47
Gary D,646,0.416335158931,48
Gary D,643,0.416335158931,49
Gary D,642,0.416335158931,50
Gary D,641,0.416335158931,51
Gary D,640,0.416335158931,52
Gary D,639,0.416335158931,53
Gary D,638,0.416335158931,54
Gary D,637,0.416335158931,55
Gary D,636,0.416335158931,56
Gary D,635,0.416335158931,57
Choster,418,11.6619189434,1
Choster,508,9.65943857648,2
Choster,509,8.95888129698,3
Choster,507,8.95888129698,4
Choster,417,8.65959140074,5
Choster,424,8.06226047727,6
Choster,510,7.60610547629,7
Choster,512,7.60122946251,8
Choster,419,7.16183644283,9
Choster,421,6.89154172281,10
Choster,471,6.73449608369,11
Choster,469,6.71292807613,12
Choster,502,6.64186534483,13
Choster,458,6.48549505778,14
Choster,485,6.36160941867,15
Choster,497,6.06326338656,16
Choster,498,6.04120368262,17
Choster,416,5.72920277973,18
Choster,501,5.16280115492,19
Choster,468,4.97610281096,20
Choster,524,4.93749739462,21
Choster,423,4.88361245149,22
Choster,517,4.82092122372,23
Choster,557,4.30710115474,24
Choster,567,4.27511639273,25
Choster,610,4.06354227867,26
Choster,489,3.00291767531,27
Choster,487,2.79749137079,28
Choster,438,2.39114722665,29
Choster,644,2.08504296349,30
Choster,462,1.98299682204,31
Choster,673,1.77653808246,32
Choster,667,1.77653808246,33
Choster,665,1.77653808246,34
Choster,660,1.77653808246,35
Choster,659,1.77653808246,36
Choster,658,1.77653808246,37
Choster,657,1.77653808246,38
Choster,656,1.77653808246,39
Choster,655,1.77653808246,40
Choster,654,1.77653808246,41
Choster,653,1.77653808246,42
Choster,652,1.77653808246,43
Choster,651,1.77653808246,44
Choster,649,1.77653808246,45
Choster,648,1.77653808246,46
Choster,647,1.77653808246,47
Choster,646,1.77653808246,48
Choster,643,1.77653808246,49
Choster,642,1.77653808246,50
Choster,641,1.77653808246,51
Choster,640,1.77653808246,52
Choster,639,1.77653808246,53
Choster,638,1.77653808246,54
Choster,637,1.77653808246,55
Choster,636,1.77653808246,56
Choster,635,1.77653808246,57
Mtnerd,418,3.95325588254,1
Mtnerd,508,3.09820549517,2
Mtnerd,417,2.53280615561,3
Mtnerd,557,2.34720948314,4
Mtnerd,509,2.32400531878,5
Mtnerd,507,2.32400531878,6
Mtnerd,424,2.18275979273,7
Mtnerd,419,2.05086535284,8
Mtnerd,610,2.03462779221,9
Mtnerd,512,2.02823363647,10
Mtnerd,510,2.02823363647,11
Mtnerd,421,1.88477316768,12
Mtnerd,524,1.87057641157,13
Mtnerd,416,1.84988814345,14
Mtnerd,423,1.77076332763,15
Mtnerd,468,1.69789414375,16
Mtnerd,471,1.64104552604,17
Mtnerd,517,1.63769322734,18
Mtnerd,469,1.61841508219,19
Mtnerd,485,1.58261525916,20
Mtnerd,501,1.56586165191,21
Mtnerd,502,1.55959562472,22
Mtnerd,458,1.54024303227,23
Mtnerd,567,1.53316554321,24
Mtnerd,497,1.32477502376,25
Mtnerd,498,1.24974368219,26
Mtnerd,489,0.955258350693,27
Mtnerd,644,0.85200987779,28
Mtnerd,487,0.822413081718,29
Mtnerd,462,0.810373631047,30
Mtnerd,438,0.584339432229,31
Mtnerd,673,0.568006585193,32
Mtnerd,667,0.568006585193,33
Mtnerd,665,0.568006585193,34
Mtnerd,660,0.568006585193,35
Mtnerd,659,0.568006585193,36
Mtnerd,658,0.568006585193,37
Mtnerd,657,0.568006585193,38
Mtnerd,656,0.568006585193,39
Mtnerd,655,0.568006585193,40
Mtnerd,654,0.568006585193,41
Mtnerd,653,0.568006585193,42
Mtnerd,652,0.568006585193,43
Mtnerd,651,0.568006585193,44
Mtnerd,649,0.568006585193,45
Mtnerd,648,0.568006585193,46
Mtnerd,647,0.568006585193,47
Mtnerd,646,0.568006585193,48
Mtnerd,643,0.568006585193,49
Mtnerd,642,0.568006585193,50
Mtnerd,641,0.568006585193,51
Mtnerd,640,0.568006585193,52
Mtnerd,639,0.568006585193,53
Mtnerd,638,0.568006585193,54
Mtnerd,637,0.568006585193,55
Mtnerd,636,0.568006585193,56
Mtnerd,635,0.568006585193,57
Stopthebus18,418,3.94990742067,1
Stopthebus18,508,3.11141426432,2
Stopthebus18,417,2.59233815594,3
Stopthebus18,509,2.33721408793,4
Stopthebus18,507,2.33721408793,5
Stopthebus18,557,2.32069940568,6
Stopthebus18,424,2.21913017746,7
Stopthebus18,419,2.1435118152,8
Stopthebus18,610,2.12727425457,9
Stopthebus18,524,1.96322287393,10
Stopthebus18,512,1.94879594325,11
Stopthebus18,510,1.94879594325,12
Stopthebus18,416,1.94253460581,13
Stopthebus18,421,1.93109639886,14
Stopthebus18,423,1.81708655881,15
Stopthebus18,468,1.73426452849,16
Stopthebus18,485,1.67526172152,17
Stopthebus18,501,1.65850811427,18
Stopthebus18,469,1.65478546693,19
Stopthebus18,471,1.65425429519,20
Stopthebus18,502,1.65224208708,21
Stopthebus18,517,1.65090199648,22
Stopthebus18,567,1.60265038998,23
Stopthebus18,458,1.55345180141,24
Stopthebus18,498,1.24974368219,25
Stopthebus18,497,1.24533733055,26
Stopthebus18,489,0.875820657477,27
Stopthebus18,462,0.856696862227,28
Stopthebus18,644,0.85200987779,29
Stopthebus18,487,0.822413081718,30
Stopthebus18,438,0.630662663409,31
Stopthebus18,673,0.568006585193,32
Stopthebus18,667,0.568006585193,33
Stopthebus18,665,0.568006585193,34
Stopthebus18,660,0.568006585193,35
Stopthebus18,659,0.568006585193,36
Stopthebus18,658,0.568006585193,37
Stopthebus18,657,0.568006585193,38
Stopthebus18,656,0.568006585193,39
Stopthebus18,655,0.568006585193,40
Stopthebus18,654,0.568006585193,41
Stopthebus18,653,0.568006585193,42
Stopthebus18,652,0.568006585193,43
Stopthebus18,651,0.568006585193,44
Stopthebus18,649,0.568006585193,45
Stopthebus18,648,0.568006585193,46
Stopthebus18,647,0.568006585193,47
Stopthebus18,646,0.568006585193,48
Stopthebus18,643,0.568006585193,49
Stopthebus18,642,0.568006585193,50
Stopthebus18,641,0.568006585193,51
Stopthebus18,640,0.568006585193,52
Stopthebus18,639,0.568006585193,53
Stopthebus18,638,0.568006585193,54
Stopthebus18,637,0.568006585193,55
Stopthebus18,636,0.568006585193,56
Stopthebus18,635,0.568006585193,57
Dominick,418,4.28046083308,1
Dominick,508,3.13987733113,2
Dominick,417,2.74984036502,3
Dominick,509,2.61500370698,4
Dominick,507,2.61500370698,5
Dominick,557,2.58465710555,6
Dominick,424,2.42945217376,7
Dominick,419,2.27298070191,8
Dominick,610,2.25863555539,9
Dominick,512,2.12096193649,10
Dominick,510,2.12096193649,11
Dominick,524,2.09291988846,12
Dominick,502,2.05770139865,13
Dominick,469,2.04803094925,14
Dominick,416,2.0466950056,15
Dominick,421,2.03579476934,16
Dominick,567,1.96262049449,17
Dominick,471,1.86516408003,18
Dominick,485,1.83276393061,19
Dominick,468,1.78729914363,20
Dominick,458,1.76377379771,21
Dominick,423,1.76324658989,22
Dominick,517,1.72799414031,23
Dominick,501,1.70882854514,24
Dominick,497,1.29721591381,25
Dominick,498,1.24652068712,26
Dominick,644,0.929827752686,27
Dominick,489,0.824694872834,28
Dominick,487,0.771287297075,29
Dominick,438,0.630662663409,30
Dominick,673,0.619885168457,31
Dominick,667,0.619885168457,32
Dominick,665,0.619885168457,33
Dominick,660,0.619885168457,34
Dominick,659,0.619885168457,35
Dominick,658,0.619885168457,36
Dominick,657,0.619885168457,37
Dominick,656,0.619885168457,38
Dominick,655,0.619885168457,39
Dominick,654,0.619885168457,40
Dominick,653,0.619885168457,41
Dominick,652,0.619885168457,42
Dominick,651,0.619885168457,43
Dominick,649,0.619885168457,44
Dominick,648,0.619885168457,45
Dominick,647,0.619885168457,46
Dominick,646,0.619885168457,47
Dominick,643,0.619885168457,48
Dominick,642,0.619885168457,49
Dominick,641,0.619885168457,50
Dominick,640,0.619885168457,51
Dominick,639,0.619885168457,52
Dominick,638,0.619885168457,53
Dominick,637,0.619885168457,54
Dominick,636,0.619885168457,55
Dominick,635,0.619885168457,56
Dominick,462,0.618575426608,57
Acsenray,418,4.32776125006,1
Acsenray,508,3.18717774811,2
Acsenray,417,2.797140782,3
Acsenray,509,2.66230412396,4
Acsenray,507,2.66230412396,5
Acsenray,557,2.58465710555,6
Acsenray,424,2.47675259074,7
Acsenray,419,2.32028111889,8
Acsenray,610,2.30593597237,9
Acsenray,524,2.14022030544,10
Acsenray,512,2.12096193649,11
Acsenray,510,2.12096193649,12
Acsenray,502,2.10500181562,13
Acsenray,469,2.09533136623,14
Acsenray,416,2.09399542258,15
Acsenray,421,2.03579476934,16
Acsenray,567,2.00992091147,17
Acsenray,471,1.91246449701,18
Acsenray,485,1.88006434759,19
Acsenray,468,1.83459956061,20
Acsenray,458,1.81107421469,21
Acsenray,517,1.77529455729,22
Acsenray,423,1.76324658989,23
Acsenray,501,1.75612896212,24
Acsenray,497,1.29721591381,25
Acsenray,498,1.24652068712,26
Acsenray,644,0.929827752686,27
Acsenray,489,0.824694872834,28
Acsenray,487,0.771287297075,29
Acsenray,438,0.630662663409,30
Acsenray,673,0.619885168457,31
Acsenray,667,0.619885168457,32
Acsenray,665,0.619885168457,33
Acsenray,660,0.619885168457,34
Acsenray,659,0.619885168457,35
Acsenray,658,0.619885168457,36
Acsenray,657,0.619885168457,37
Acsenray,656,0.619885168457,38
Acsenray,655,0.619885168457,39
Acsenray,654,0.619885168457,40
Acsenray,653,0.619885168457,41
Acsenray,652,0.619885168457,42
Acsenray,651,0.619885168457,43
Acsenray,649,0.619885168457,44
Acsenray,648,0.619885168457,45
Acsenray,647,0.619885168457,46
Acsenray,646,0.619885168457,47
Acsenray,643,0.619885168457,48
Acsenray,642,0.619885168457,49
Acsenray,641,0.619885168457,50
Acsenray,640,0.619885168457,51
Acsenray,639,0.619885168457,52
Acsenray,638,0.619885168457,53
Acsenray,637,0.619885168457,54
Acsenray,636,0.619885168457,55
Acsenray,635,0.619885168457,56
Acsenray,462,0.618575426608,57
Beginning,418,4.40737604157,1
Beginning,508,3.24140949792,2
Beginning,417,2.85137253181,3
Beginning,509,2.69115283207,4
Beginning,507,2.69115283207,5
Beginning,557,2.68618927234,6
Beginning,424,2.50560129885,7
Beginning,610,2.36016772218,8
Beginning,419,2.3237467853,9
Beginning,524,2.14368597185,10
Beginning,502,2.13385052373,11
Beginning,469,2.12418007434,12
Beginning,512,2.12096193649,13
Beginning,510,2.12096193649,14
Beginning,416,2.09746108899,15
Beginning,567,2.03876961958,16
Beginning,421,2.03579476934,17
Beginning,471,1.91593016343,18
Beginning,485,1.9089130557,19
Beginning,468,1.86344826872,20
Beginning,458,1.81453988111,21
Beginning,423,1.81401267328,22
Beginning,517,1.8041432654,23
Beginning,501,1.78497767023,24
Beginning,497,1.29721591381,25
Beginning,498,1.24652068712,26
Beginning,644,0.929827752686,27
Beginning,489,0.824694872834,28
Beginning,487,0.771287297075,29
Beginning,438,0.630662663409,30
Beginning,673,0.619885168457,31
Beginning,667,0.619885168457,32
Beginning,665,0.619885168457,33
Beginning,660,0.619885168457,34
Beginning,659,0.619885168457,35
Beginning,658,0.619885168457,36
Beginning,657,0.619885168457,37
Beginning,656,0.619885168457,38
Beginning,655,0.619885168457,39
Beginning,654,0.619885168457,40
Beginning,653,0.619885168457,41
Beginning,652,0.619885168457,42
Beginning,651,0.619885168457,43
Beginning,649,0.619885168457,44
Beginning,648,0.619885168457,45
Beginning,647,0.619885168457,46
Beginning,646,0.619885168457,47
Beginning,643,0.619885168457,48
Beginning,642,0.619885168457,49
Beginning,641,0.619885168457,50
Beginning,640,0.619885168457,51
Beginning,639,0.619885168457,52
Beginning,638,0.619885168457,53
Beginning,637,0.619885168457,54
Beginning,636,0.619885168457,55
Beginning,635,0.619885168457,56
Beginning,462,0.618575426608,57
Stan Shebs,418,4.62831730207,1
Stan Shebs,508,3.42263191182,2
Stan Shebs,417,3.00714876554,3
Stan Shebs,557,2.8562381725,4
Stan Shebs,509,2.8469290658,5
Stan Shebs,507,2.8469290658,6
Stan Shebs,424,2.63593135241,7
Stan Shebs,610,2.41106008252,8
Stan Shebs,419,2.37463914565,9
Stan Shebs,469,2.27995630807,10
Stan Shebs,512,2.25129199004,11
Stan Shebs,510,2.25129199004,12
Stan Shebs,502,2.21018906425,13
Stan Shebs,524,2.19457833219,14
Stan Shebs,416,2.14835344933,15
Stan Shebs,567,2.11510816009,16
Stan Shebs,471,2.07170639715,17
Stan Shebs,421,2.03579476934,18
Stan Shebs,468,2.01922450244,19
Stan Shebs,485,1.95980541604,20
Stan Shebs,458,1.94486993466,21
Stan Shebs,517,1.93447331896,22
Stan Shebs,423,1.86490503362,23
Stan Shebs,501,1.86131621074,24
Stan Shebs,497,1.42754596737,25
Stan Shebs,498,1.29741304747,26
Stan Shebs,489,0.955024926391,27
Stan Shebs,644,0.929827752686,28
Stan Shebs,487,0.822179657417,29
Stan Shebs,438,0.630662663409,30
Stan Shebs,673,0.619885168457,31
Stan Shebs,667,0.619885168457,32
Stan Shebs,665,0.619885168457,33
Stan Shebs,660,0.619885168457,34
Stan Shebs,659,0.619885168457,35
Stan Shebs,658,0.619885168457,36
Stan Shebs,657,0.619885168457,37
Stan Shebs,656,0.619885168457,38
Stan Shebs,655,0.619885168457,39
Stan Shebs,654,0.619885168457,40
Stan Shebs,653,0.619885168457,41
Stan Shebs,652,0.619885168457,42
Stan Shebs,651,0.619885168457,43
Stan Shebs,649,0.619885168457,44
Stan Shebs,648,0.619885168457,45
Stan Shebs,647,0.619885168457,46
Stan Shebs,646,0.619885168457,47
Stan Shebs,643,0.619885168457,48
Stan Shebs,642,0.619885168457,49
Stan Shebs,641,0.619885168457,50
Stan Shebs,640,0.619885168457,51
Stan Shebs,639,0.619885168457,52
Stan Shebs,638,0.619885168457,53
Stan Shebs,637,0.619885168457,54
Stan Shebs,636,0.619885168457,55
Stan Shebs,635,0.619885168457,56
Stan Shebs,462,0.618575426608,57
Jsm~enwiki,418,9.7908266833,1
Jsm~enwiki,508,8.83849785363,2
Jsm~enwiki,417,7.93216960195,3
Jsm~enwiki,509,7.63068229289,4
Jsm~enwiki,507,7.63068229289,5
Jsm~enwiki,557,7.56279452205,6
Jsm~enwiki,424,7.49947506234,7
Jsm~enwiki,567,7.26806668329,8
Jsm~enwiki,524,7.25474464146,9
Jsm~enwiki,502,7.16947094418,10
Jsm~enwiki,469,7.16699623165,11
Jsm~enwiki,471,6.94731386426,12
Jsm~enwiki,485,6.91813395755,13
Jsm~enwiki,458,6.80420280716,14
Jsm~enwiki,517,6.58989092055,15
Jsm~enwiki,610,6.56614677035,16
Jsm~enwiki,468,6.56525115986,17
Jsm~enwiki,419,6.3652641299,18
Jsm~enwiki,501,6.31357389035,19
Jsm~enwiki,512,5.77653775981,20
Jsm~enwiki,510,5.77653775981,21
Jsm~enwiki,416,5.77372845089,22
Jsm~enwiki,497,5.5411331656,23
Jsm~enwiki,421,5.47865524004,24
Jsm~enwiki,498,5.16408935754,25
Jsm~enwiki,423,4.9176691134,26
Jsm~enwiki,489,3.77362181792,27
Jsm~enwiki,487,3.55999151488,28
Jsm~enwiki,644,2.94970598534,29
Jsm~enwiki,673,2.61305961323,30
Jsm~enwiki,667,2.61305961323,31
Jsm~enwiki,665,2.61305961323,32
Jsm~enwiki,660,2.61305961323,33
Jsm~enwiki,659,2.61305961323,34
Jsm~enwiki,658,2.61305961323,35
Jsm~enwiki,657,2.61305961323,36
Jsm~enwiki,656,2.61305961323,37
Jsm~enwiki,655,2.61305961323,38
Jsm~enwiki,654,2.61305961323,39
Jsm~enwiki,653,2.61305961323,40
Jsm~enwiki,652,2.61305961323,41
Jsm~enwiki,651,2.61305961323,42
Jsm~enwiki,649,2.61305961323,43
Jsm~enwiki,648,2.61305961323,44
Jsm~enwiki,647,2.61305961323,45
Jsm~enwiki,646,2.61305961323,46
Jsm~enwiki,643,2.61305961323,47
Jsm~enwiki,642,2.61305961323,48
Jsm~enwiki,641,2.61305961323,49
Jsm~enwiki,640,2.61305961323,50
Jsm~enwiki,639,2.61305961323,51
Jsm~enwiki,638,2.61305961323,52
Jsm~enwiki,637,2.61305961323,53
Jsm~enwiki,636,2.61305961323,54
Jsm~enwiki,635,2.61305961323,55
Jsm~enwiki,462,2.61205565225,56
Jsm~enwiki,438,2.01502366309,57
Theresa knott,418,5.0694210527,1
Theresa knott,508,4.12891866108,2
Theresa knott,509,3.24679329811,3
Theresa knott,507,3.24679329811,4
Theresa knott,417,3.2141574737,5
Theresa knott,557,2.94423950271,6
Theresa knott,424,2.78783848224,7
Theresa knott,567,2.56685929645,8
Theresa knott,419,2.5483655555,9
Theresa knott,512,2.52832055339,10
Theresa knott,510,2.52832055339,11
Theresa knott,610,2.49117144616,12
Theresa knott,502,2.46908467646,13
Theresa knott,469,2.45941422706,14
Theresa knott,524,2.39331452736,15
Theresa knott,416,2.26697828086,16
Theresa knott,485,2.21870102825,17
Theresa knott,421,2.17185471259,18
Theresa knott,468,2.17113163228,19
Theresa knott,471,2.16599511379,20
Theresa knott,501,2.09266103379,21
Theresa knott,458,2.09256622706,22
Theresa knott,517,2.05882965962,23
Theresa knott,423,1.97341418771,24
Theresa knott,497,1.4841682174,25
Theresa knott,498,1.43347299072,26
Theresa knott,644,1.00993911632,27
Theresa knott,489,0.984096387263,28
Theresa knott,487,0.930688811504,29
Theresa knott,438,0.685764241737,30
Theresa knott,462,0.673677004937,31
Theresa knott,673,0.673292744217,32
Theresa knott,667,0.673292744217,33
Theresa knott,665,0.673292744217,34
Theresa knott,660,0.673292744217,35
Theresa knott,659,0.673292744217,36
Theresa knott,658,0.673292744217,37
Theresa knott,657,0.673292744217,38
Theresa knott,656,0.673292744217,39
Theresa knott,655,0.673292744217,40
Theresa knott,654,0.673292744217,41
Theresa knott,653,0.673292744217,42
Theresa knott,652,0.673292744217,43
Theresa knott,651,0.673292744217,44
Theresa knott,649,0.673292744217,45
Theresa knott,648,0.673292744217,46
Theresa knott,647,0.673292744217,47
Theresa knott,646,0.673292744217,48
Theresa knott,643,0.673292744217,49
Theresa knott,642,0.673292744217,50
Theresa knott,641,0.673292744217,51
Theresa knott,640,0.673292744217,52
Theresa knott,639,0.673292744217,53
Theresa knott,638,0.673292744217,54
Theresa knott,637,0.673292744217,55
Theresa knott,636,0.673292744217,56
Theresa knott,635,0.673292744217,57
Ellsworth,418,7.04773072169,1
Ellsworth,508,6.01169744196,2
Ellsworth,417,5.19133597524,3
Ellsworth,509,4.98154065836,4
Ellsworth,507,4.98154065836,5
Ellsworth,424,4.76289180106,6
Ellsworth,557,4.74444463766,7
Ellsworth,502,4.44038789116,8
Ellsworth,567,4.43408324194,9
Ellsworth,469,4.43311602072,10
Ellsworth,524,4.24777423935,11
Ellsworth,471,4.19097961062,12
Ellsworth,419,4.08135187547,13
Ellsworth,485,4.05862970001,14
Ellsworth,610,4.03124730665,15
Ellsworth,458,4.02815152452,16
Ellsworth,468,3.90928917013,17
Ellsworth,501,3.9041397781,18
Ellsworth,517,3.84263444193,19
Ellsworth,416,3.69658179937,20
Ellsworth,512,3.55765204644,21
Ellsworth,510,3.55765204644,22
Ellsworth,421,3.42916851962,23
Ellsworth,423,3.24093622429,24
Ellsworth,497,2.78308229104,25
Ellsworth,498,2.74200826801,26
Ellsworth,489,1.86053062172,27
Ellsworth,487,1.78041925808,28
Ellsworth,644,1.62982428478,29
Ellsworth,462,1.52825776102,30
Ellsworth,665,1.42423467614,31
Ellsworth,438,1.31060146795,32
Ellsworth,673,1.29317791267,33
Ellsworth,667,1.29317791267,34
Ellsworth,660,1.29317791267,35
Ellsworth,659,1.29317791267,36
Ellsworth,658,1.29317791267,37
Ellsworth,657,1.29317791267,38
Ellsworth,656,1.29317791267,39
Ellsworth,655,1.29317791267,40
Ellsworth,654,1.29317791267,41
Ellsworth,653,1.29317791267,42
Ellsworth,652,1.29317791267,43
Ellsworth,651,1.29317791267,44
Ellsworth,649,1.29317791267,45
Ellsworth,648,1.29317791267,46
Ellsworth,647,1.29317791267,47
Ellsworth,646,1.29317791267,48
Ellsworth,643,1.29317791267,49
Ellsworth,642,1.29317791267,50
Ellsworth,641,1.29317791267,51
Ellsworth,640,1.29317791267,52
Ellsworth,639,1.29317791267,53
Ellsworth,638,1.29317791267,54
Ellsworth,637,1.29317791267,55
Ellsworth,636,1.29317791267,56
Ellsworth,635,1.29317791267,57
Oberiko,418,5.42713424391,1
Oberiko,508,4.79116667945,2
Oberiko,557,3.84575463065,3
Oberiko,509,3.81529159547,4
Oberiko,507,3.81529159547,5
Oberiko,417,3.78493538422,6
Oberiko,567,3.53539323493,7
Oberiko,424,3.38425758928,8
Oberiko,502,3.33066661023,9
Oberiko,469,3.32219545031,10
Oberiko,524,3.2689728687,11
Oberiko,610,3.18368589413,12
Oberiko,485,3.08012407229,13
Oberiko,471,3.02771390075,14
Oberiko,468,3.00837289724,15
Oberiko,419,2.96954553416,16
Oberiko,458,2.94325897941,17
Oberiko,501,2.90103452025,18
Oberiko,517,2.89219075893,19
Oberiko,512,2.77637192176,20
Oberiko,510,2.77637192176,21
Oberiko,416,2.66317064667,22
Oberiko,421,2.40296617992,23
Oberiko,423,2.17080517596,24
Oberiko,498,2.10672281979,25
Oberiko,497,2.08064117911,26
Oberiko,489,1.39603321726,27
Oberiko,487,1.39603321726,28
Oberiko,644,1.34658548843,29
Oberiko,462,1.01051550741,30
Oberiko,673,1.00993911632,31
Oberiko,667,1.00993911632,32
Oberiko,665,1.00993911632,33
Oberiko,660,1.00993911632,34
Oberiko,659,1.00993911632,35
Oberiko,658,1.00993911632,36
Oberiko,657,1.00993911632,37
Oberiko,656,1.00993911632,38
Oberiko,655,1.00993911632,39
Oberiko,654,1.00993911632,40
Oberiko,653,1.00993911632,41
Oberiko,652,1.00993911632,42
Oberiko,651,1.00993911632,43
Oberiko,649,1.00993911632,44
Oberiko,648,1.00993911632,45
Oberiko,647,1.00993911632,46
Oberiko,646,1.00993911632,47
Oberiko,643,1.00993911632,48
Oberiko,642,1.00993911632,49
Oberiko,641,1.00993911632,50
Oberiko,640,1.00993911632,51
Oberiko,639,1.00993911632,52
Oberiko,638,1.00993911632,53
Oberiko,637,1.00993911632,54
Oberiko,636,1.00993911632,55
Oberiko,635,1.00993911632,56
Oberiko,438,0.840971509573,57
VeryVerily,418,6.75569372525,1
VeryVerily,508,5.52888971658,2
VeryVerily,417,5.13444562333,3
VeryVerily,424,4.70934583163,4
VeryVerily,507,4.40444360578,5
VeryVerily,509,4.40444360578,6
VeryVerily,557,4.28771786628,7
VeryVerily,524,4.19276077009,8
VeryVerily,610,4.17142355423,9
VeryVerily,567,4.14864755317,10
VeryVerily,502,4.08681735809,11
VeryVerily,469,4.07834619817,12
VeryVerily,419,3.94590986424,13
VeryVerily,485,3.83627482015,14
VeryVerily,471,3.78386464861,15
VeryVerily,468,3.76464297783,16
VeryVerily,517,3.70344308512,17
VeryVerily,416,3.68791339589,18
VeryVerily,501,3.65730460084,19
VeryVerily,458,3.64658994005,20
VeryVerily,421,3.04170193886,21
VeryVerily,423,2.86839803363,22
VeryVerily,510,2.74516493983,23
VeryVerily,512,2.68520876018,24
VeryVerily,644,2.37087109486,25
VeryVerily,497,2.17995582205,26
VeryVerily,498,2.1117065285,27
VeryVerily,667,2.08543374532,28
VeryVerily,665,1.86598209387,29
VeryVerily,660,1.86598209387,30
VeryVerily,656,1.86598209387,31
VeryVerily,655,1.86598209387,32
VeryVerily,651,1.86598209387,33
VeryVerily,649,1.86598209387,34
VeryVerily,648,1.86598209387,35
VeryVerily,643,1.86598209387,36
VeryVerily,642,1.86598209387,37
VeryVerily,641,1.86598209387,38
VeryVerily,639,1.86598209387,39
VeryVerily,637,1.86598209387,40
VeryVerily,635,1.86598209387,41
VeryVerily,673,1.83855063744,42
VeryVerily,659,1.83855063744,43
VeryVerily,658,1.83855063744,44
VeryVerily,657,1.83855063744,45
VeryVerily,654,1.83855063744,46
VeryVerily,653,1.83855063744,47
VeryVerily,652,1.83855063744,48
VeryVerily,647,1.83855063744,49
VeryVerily,646,1.83855063744,50
VeryVerily,640,1.83855063744,51
VeryVerily,638,1.83855063744,52
VeryVerily,636,1.83855063744,53
VeryVerily,489,1.49941958239,54
VeryVerily,487,1.49941958239,55
VeryVerily,462,1.37703709517,56
VeryVerily,438,0.99784298679,57
Anthony,418,4.49352663194,1
Anthony,508,3.88623392837,2
Anthony,509,2.99134433191,3
Anthony,507,2.99134433191,4
Anthony,557,2.94306418181,5
Anthony,417,2.90530093174,6
Anthony,567,2.63185578481,7
Anthony,424,2.50568572816,8
Anthony,502,2.45396980117,9
Anthony,469,2.44429935178,10
Anthony,610,2.41106008252,11
Anthony,524,2.3387316307,12
Anthony,419,2.30685614368,13
Anthony,471,2.20428781427,14
Anthony,485,2.20358615297,15
Anthony,468,2.18272054487,16
Anthony,512,2.18117131096,17
Anthony,510,2.18117131096,18
Anthony,501,2.10424994638,19
Anthony,458,2.06468711828,20
Anthony,416,2.05217265692,21
Anthony,517,2.04371478434,22
Anthony,421,1.79800168228,23
Anthony,423,1.62626494528,24
Anthony,498,1.39165432755,25
Anthony,497,1.35064927801,26
Anthony,644,0.929827752686,27
Anthony,489,0.877281235745,28
Anthony,487,0.877281235745,29
Anthony,462,0.673677004937,30
Anthony,438,0.632356665978,31
Anthony,673,0.619885168457,32
Anthony,667,0.619885168457,33
Anthony,665,0.619885168457,34
Anthony,660,0.619885168457,35
Anthony,659,0.619885168457,36
Anthony,658,0.619885168457,37
Anthony,657,0.619885168457,38
Anthony,656,0.619885168457,39
Anthony,655,0.619885168457,40
Anthony,654,0.619885168457,41
Anthony,653,0.619885168457,42
Anthony,652,0.619885168457,43
Anthony,651,0.619885168457,44
Anthony,649,0.619885168457,45
Anthony,648,0.619885168457,46
Anthony,647,0.619885168457,47
Anthony,646,0.619885168457,48
Anthony,643,0.619885168457,49
Anthony,642,0.619885168457,50
Anthony,641,0.619885168457,51
Anthony,640,0.619885168457,52
Anthony,639,0.619885168457,53
Anthony,638,0.619885168457,54
Anthony,637,0.619885168457,55
Anthony,636,0.619885168457,56
Anthony,635,0.619885168457,57
Sparky,508,30.8374165688,1
Sparky,418,30.6462201161,2
Sparky,417,30.0577039635,3
Sparky,424,29.0623832388,4
Sparky,524,29.0433341004,5
Sparky,509,28.0104457378,6
Sparky,507,28.0104457378,7
Sparky,469,27.9004040294,8
Sparky,502,27.610455342,9
Sparky,471,27.5878610629,10
Sparky,567,27.553275041,11
Sparky,485,27.3572116785,12
Sparky,458,27.0047576504,13
Sparky,517,26.970257231,14
Sparky,468,26.6710063351,15
Sparky,501,25.7948837973,16
Sparky,419,24.8057247393,17
Sparky,416,23.6028713471,18
Sparky,610,21.5205588164,19
Sparky,557,18.7921276519,20
Sparky,644,17.6358727365,21
Sparky,660,16.5649001388,22
Sparky,656,16.5649001388,23
Sparky,651,16.5649001388,24
Sparky,649,16.5649001388,25
Sparky,648,16.5649001388,26
Sparky,643,16.5649001388,27
Sparky,642,16.5649001388,28
Sparky,641,16.5649001388,29
Sparky,639,16.5649001388,30
Sparky,635,16.5649001388,31
Sparky,637,16.5321300913,32
Sparky,655,16.504709447,33
Sparky,636,15.2396222315,34
Sparky,659,15.1841917061,35
Sparky,658,15.1841917061,36
Sparky,657,15.1841917061,37
Sparky,654,15.1841917061,38
Sparky,653,15.1841917061,39
Sparky,652,15.1841917061,40
Sparky,647,15.1841917061,41
Sparky,646,15.1841917061,42
Sparky,640,15.1841917061,43
Sparky,638,15.1841917061,44
Sparky,498,14.3829279408,45
Sparky,497,12.8546794505,46
Sparky,421,12.0894849942,47
Sparky,665,11.9531221965,48
Sparky,510,11.6359022818,49
Sparky,512,11.4860118327,50
Sparky,667,11.3662953193,51
Sparky,423,10.9992174763,52
Sparky,673,10.943169164,53
Sparky,487,8.55097311227,54
Sparky,489,8.2719706726,55
Sparky,462,5.96924144208,56
Sparky,438,3.59415421069,57
Jfdwolff,418,6.31935936742,1
Jfdwolff,508,5.1865733024,2
Jfdwolff,417,4.49125523539,3
Jfdwolff,509,4.05611916208,4
Jfdwolff,507,4.05611916208,5
Jfdwolff,424,4.03527807231,6
Jfdwolff,557,3.85778798552,7
Jfdwolff,419,3.48502940456,8
Jfdwolff,502,3.46533705559,9
Jfdwolff,524,3.45799496619,10
Jfdwolff,567,3.4549907263,11
Jfdwolff,469,3.4325049906,12
Jfdwolff,610,3.32578388623,13
Jfdwolff,416,3.22362275861,14
Jfdwolff,485,3.21495340738,15
Jfdwolff,471,3.16224749292,16
Jfdwolff,468,3.14349472727,17
Jfdwolff,501,3.08818574437,18
Jfdwolff,517,3.05508203876,19
Jfdwolff,458,3.02323458549,20
Jfdwolff,421,2.87502600422,21
Jfdwolff,512,2.81653973452,22
Jfdwolff,510,2.81653973452,23
Jfdwolff,423,2.52833267208,24
Jfdwolff,498,2.0538331934,25
Jfdwolff,497,1.98747303867,26
Jfdwolff,644,1.93719801876,27
Jfdwolff,667,1.68310395123,28
Jfdwolff,665,1.46365229978,29
Jfdwolff,660,1.46365229978,30
Jfdwolff,656,1.46365229978,31
Jfdwolff,655,1.46365229978,32
Jfdwolff,651,1.46365229978,33
Jfdwolff,649,1.46365229978,34
Jfdwolff,648,1.46365229978,35
Jfdwolff,643,1.46365229978,36
Jfdwolff,642,1.46365229978,37
Jfdwolff,641,1.46365229978,38
Jfdwolff,639,1.46365229978,39
Jfdwolff,637,1.46365229978,40
Jfdwolff,635,1.46365229978,41
Jfdwolff,673,1.43622084335,42
Jfdwolff,659,1.43622084335,43
Jfdwolff,658,1.43622084335,44
Jfdwolff,657,1.43622084335,45
Jfdwolff,654,1.43622084335,46
Jfdwolff,653,1.43622084335,47
Jfdwolff,652,1.43622084335,48
Jfdwolff,647,1.43622084335,49
Jfdwolff,646,1.43622084335,50
Jfdwolff,640,1.43622084335,51
Jfdwolff,638,1.43622084335,52
Jfdwolff,636,1.43622084335,53
Jfdwolff,489,1.23146570119,54
Jfdwolff,487,1.23146570119,55
Jfdwolff,462,1.16581970591,56
Jfdwolff,438,0.887398113035,57
Arminius,418,5.60279950737,1
Arminius,508,4.43766466478,2
Arminius,417,3.95538284205,3
Arminius,557,3.79518639969,4
Arminius,424,3.57842771359,5
Arminius,509,3.35131170089,6
Arminius,507,3.35131170089,7
Arminius,567,2.9596493841,8
Arminius,524,2.94925770342,9
Arminius,469,2.94810384272,10
Arminius,419,2.92119056347,11
Arminius,502,2.90149821449,12
Arminius,610,2.78881356823,13
Arminius,416,2.71488549585,14
Arminius,468,2.68664436855,15
Arminius,471,2.67784634504,16
Arminius,485,2.65111456629,17
Arminius,517,2.6257824692,18
Arminius,501,2.55189769244,19
Arminius,458,2.53883343761,20
Arminius,421,2.2687992393,21
Arminius,423,2.17743307867,22
Arminius,512,2.0693443495,23
Arminius,510,2.0693443495,24
Arminius,498,1.80281862082,25
Arminius,497,1.46068396696,26
Arminius,644,1.44806861336,27
Arminius,667,1.19397454584,28
Arminius,665,0.974522894387,29
Arminius,660,0.974522894387,30
Arminius,656,0.974522894387,31
Arminius,655,0.974522894387,32
Arminius,651,0.974522894387,33
Arminius,649,0.974522894387,34
Arminius,648,0.974522894387,35
Arminius,643,0.974522894387,36
Arminius,642,0.974522894387,37
Arminius,641,0.974522894387,38
Arminius,639,0.974522894387,39
Arminius,637,0.974522894387,40
Arminius,635,0.974522894387,41
Arminius,489,0.960003801001,42
Arminius,673,0.947091437955,43
Arminius,659,0.947091437955,44
Arminius,658,0.947091437955,45
Arminius,657,0.947091437955,46
Arminius,654,0.947091437955,47
Arminius,653,0.947091437955,48
Arminius,652,0.947091437955,49
Arminius,647,0.947091437955,50
Arminius,646,0.947091437955,51
Arminius,640,0.947091437955,52
Arminius,638,0.947091437955,53
Arminius,636,0.947091437955,54
Arminius,487,0.880566107786,55
Arminius,462,0.814920112498,56
Arminius,438,0.536498519626,57
PavanGupta,418,6.6524198149,1
PavanGupta,508,5.42268426234,2
PavanGupta,417,5.02759918144,3
PavanGupta,424,4.60000995243,4
PavanGupta,557,4.33266340191,5
PavanGupta,509,4.29420263602,6
PavanGupta,507,4.29420263602,7
PavanGupta,524,3.97137152761,8
PavanGupta,469,3.94140144054,9
PavanGupta,567,3.91752580298,10
PavanGupta,502,3.83071606063,11
PavanGupta,419,3.73018167871,12
PavanGupta,610,3.66150718896,13
PavanGupta,471,3.64691989098,14
PavanGupta,468,3.6276982202,15
PavanGupta,485,3.58017352269,16
PavanGupta,517,3.56649832748,17
PavanGupta,458,3.52270331018,18
PavanGupta,416,3.47157401407,19
PavanGupta,501,3.40120330338,20
PavanGupta,421,2.83784307305,21
PavanGupta,423,2.7184002048,22
PavanGupta,512,2.627052487,23
PavanGupta,510,2.627052487,24
PavanGupta,498,2.42129100656,25
PavanGupta,497,2.12252721742,26
PavanGupta,644,1.92161433234,27
PavanGupta,667,1.66752026482,28
PavanGupta,665,1.44806861336,29
PavanGupta,660,1.44806861336,30
PavanGupta,656,1.44806861336,31
PavanGupta,655,1.44806861336,32
PavanGupta,651,1.44806861336,33
PavanGupta,649,1.44806861336,34
PavanGupta,648,1.44806861336,35
PavanGupta,643,1.44806861336,36
PavanGupta,642,1.44806861336,37
PavanGupta,641,1.44806861336,38
PavanGupta,639,1.44806861336,39
PavanGupta,637,1.44806861336,40
PavanGupta,635,1.44806861336,41
PavanGupta,673,1.42063715693,42
PavanGupta,659,1.42063715693,43
PavanGupta,658,1.42063715693,44
PavanGupta,657,1.42063715693,45
PavanGupta,654,1.42063715693,46
PavanGupta,653,1.42063715693,47
PavanGupta,652,1.42063715693,48
PavanGupta,647,1.42063715693,49
PavanGupta,646,1.42063715693,50
PavanGupta,640,1.42063715693,51
PavanGupta,638,1.42063715693,52
PavanGupta,636,1.42063715693,53
PavanGupta,489,1.41455952133,54
PavanGupta,487,1.29540298151,55
PavanGupta,462,1.17302049429,56
PavanGupta,438,0.766669136815,57
DJ Clayworth,418,5.47766301709,1
DJ Clayworth,508,4.20978952851,2
DJ Clayworth,417,3.87885414752,3
DJ Clayworth,424,3.50418358365,4
DJ Clayworth,557,3.34002457484,5
DJ Clayworth,509,3.22845977519,6
DJ Clayworth,507,3.22845977519,7
DJ Clayworth,419,2.8946366852,8
DJ Clayworth,524,2.89131997926,9
DJ Clayworth,469,2.84841353261,10
DJ Clayworth,610,2.83056767025,11
DJ Clayworth,567,2.81363584281,12
DJ Clayworth,502,2.77864628879,13
DJ Clayworth,416,2.68833161758,14
DJ Clayworth,468,2.58695405844,15
DJ Clayworth,471,2.55499441934,16
DJ Clayworth,485,2.55370882076,17
DJ Clayworth,517,2.52837672367,18
DJ Clayworth,458,2.48089571345,19
DJ Clayworth,501,2.46042961263,20
DJ Clayworth,421,2.25235477869,21
DJ Clayworth,423,2.17286394951,22
DJ Clayworth,512,2.01845198916,23
DJ Clayworth,510,2.01845198916,24
DJ Clayworth,498,1.65287542195,25
DJ Clayworth,644,1.44806861336,26
DJ Clayworth,497,1.34702391483,27
DJ Clayworth,667,1.19397454584,28
DJ Clayworth,665,0.974522894387,29
DJ Clayworth,660,0.974522894387,30
DJ Clayworth,656,0.974522894387,31
DJ Clayworth,655,0.974522894387,32
DJ Clayworth,651,0.974522894387,33
DJ Clayworth,649,0.974522894387,34
DJ Clayworth,648,0.974522894387,35
DJ Clayworth,643,0.974522894387,36
DJ Clayworth,642,0.974522894387,37
DJ Clayworth,641,0.974522894387,38
DJ Clayworth,639,0.974522894387,39
DJ Clayworth,637,0.974522894387,40
DJ Clayworth,635,0.974522894387,41
DJ Clayworth,673,0.947091437955,42
DJ Clayworth,659,0.947091437955,43
DJ Clayworth,658,0.947091437955,44
DJ Clayworth,657,0.947091437955,45
DJ Clayworth,654,0.947091437955,46
DJ Clayworth,653,0.947091437955,47
DJ Clayworth,652,0.947091437955,48
DJ Clayworth,647,0.947091437955,49
DJ Clayworth,646,0.947091437955,50
DJ Clayworth,640,0.947091437955,51
DJ Clayworth,638,0.947091437955,52
DJ Clayworth,636,0.947091437955,53
DJ Clayworth,489,0.909111440659,54
DJ Clayworth,462,0.861243343678,55
DJ Clayworth,487,0.829673747444,56
DJ Clayworth,438,0.582821750806,57
Bkonrad,418,5.04865915732,1
Bkonrad,508,3.78078566874,2
Bkonrad,557,3.45995568872,3
Bkonrad,417,3.44985028775,4
Bkonrad,424,3.07517972388,5
Bkonrad,610,2.83056767025,6
Bkonrad,509,2.79945591542,7
Bkonrad,507,2.79945591542,8
Bkonrad,419,2.46563282543,9
Bkonrad,524,2.46231611949,10
Bkonrad,469,2.41940967284,11
Bkonrad,567,2.38463198304,12
Bkonrad,502,2.34964242902,13
Bkonrad,416,2.25932775781,14
Bkonrad,421,2.25235477869,15
Bkonrad,423,2.17286394951,16
Bkonrad,468,2.15795019867,17
Bkonrad,471,2.12599055957,18
Bkonrad,485,2.12470496099,19
Bkonrad,517,2.0993728639,20
Bkonrad,458,2.05189185368,21
Bkonrad,501,2.03142575286,22
Bkonrad,512,2.01845198916,23
Bkonrad,510,2.01845198916,24
Bkonrad,644,1.44806861336,25
Bkonrad,497,1.34702391483,26
Bkonrad,498,1.22387156218,27
Bkonrad,667,1.19397454584,28
Bkonrad,665,0.974522894387,29
Bkonrad,660,0.974522894387,30
Bkonrad,656,0.974522894387,31
Bkonrad,655,0.974522894387,32
Bkonrad,651,0.974522894387,33
Bkonrad,649,0.974522894387,34
Bkonrad,648,0.974522894387,35
Bkonrad,643,0.974522894387,36
Bkonrad,642,0.974522894387,37
Bkonrad,641,0.974522894387,38
Bkonrad,639,0.974522894387,39
Bkonrad,637,0.974522894387,40
Bkonrad,635,0.974522894387,41
Bkonrad,673,0.947091437955,42
Bkonrad,659,0.947091437955,43
Bkonrad,658,0.947091437955,44
Bkonrad,657,0.947091437955,45
Bkonrad,654,0.947091437955,46
Bkonrad,653,0.947091437955,47
Bkonrad,652,0.947091437955,48
Bkonrad,647,0.947091437955,49
Bkonrad,646,0.947091437955,50
Bkonrad,640,0.947091437955,51
Bkonrad,638,0.947091437955,52
Bkonrad,636,0.947091437955,53
Bkonrad,489,0.909111440659,54
Bkonrad,462,0.861243343678,55
Bkonrad,487,0.829673747444,56
Bkonrad,438,0.582821750806,57
Coburnpharr04,418,5.89799827303,1
Coburnpharr04,417,4.33099447877,2
Coburnpharr04,508,4.28026895608,3
Coburnpharr04,424,3.92451883959,4
Coburnpharr04,557,3.52356583934,5
Coburnpharr04,509,3.29893920275,6
Coburnpharr04,507,3.29893920275,7
Coburnpharr04,419,3.27655014981,8
Coburnpharr04,416,3.07024508219,9
Coburnpharr04,469,2.98250311079,10
Coburnpharr04,524,2.96179940683,11
Coburnpharr04,502,2.84912571636,12
Coburnpharr04,567,2.84569347904,13
Coburnpharr04,610,2.83056767025,14
Coburnpharr04,468,2.72104363662,15
Coburnpharr04,485,2.68779839894,16
Coburnpharr04,471,2.65066220619,17
Coburnpharr04,421,2.60221060707,18
Coburnpharr04,517,2.59885615124,19
Coburnpharr04,423,2.59550365418,20
Coburnpharr04,458,2.57656350029,21
Coburnpharr04,501,2.53090904019,22
Coburnpharr04,512,2.01845198916,23
Coburnpharr04,510,2.01845198916,24
Coburnpharr04,498,1.68493305818,25
Coburnpharr04,644,1.44806861336,26
Coburnpharr04,497,1.34702391483,27
Coburnpharr04,667,1.19397454584,28
Coburnpharr04,665,0.974522894387,29
Coburnpharr04,660,0.974522894387,30
Coburnpharr04,656,0.974522894387,31
Coburnpharr04,655,0.974522894387,32
Coburnpharr04,651,0.974522894387,33
Coburnpharr04,649,0.974522894387,34
Coburnpharr04,648,0.974522894387,35
Coburnpharr04,643,0.974522894387,36
Coburnpharr04,642,0.974522894387,37
Coburnpharr04,641,0.974522894387,38
Coburnpharr04,639,0.974522894387,39
Coburnpharr04,637,0.974522894387,40
Coburnpharr04,635,0.974522894387,41
Coburnpharr04,673,0.947091437955,42
Coburnpharr04,659,0.947091437955,43
Coburnpharr04,658,0.947091437955,44
Coburnpharr04,657,0.947091437955,45
Coburnpharr04,654,0.947091437955,46
Coburnpharr04,653,0.947091437955,47
Coburnpharr04,652,0.947091437955,48
Coburnpharr04,647,0.947091437955,49
Coburnpharr04,646,0.947091437955,50
Coburnpharr04,640,0.947091437955,51
Coburnpharr04,638,0.947091437955,52
Coburnpharr04,636,0.947091437955,53
Coburnpharr04,462,0.924853494292,54
Coburnpharr04,489,0.909111440659,55
Coburnpharr04,487,0.893283898058,56
Coburnpharr04,438,0.64643190142,57
Paranoid,418,5.07624063031,1
Paranoid,508,3.82793039331,2
Paranoid,417,3.54034944581,3
Paranoid,557,3.34002457484,4
Paranoid,424,3.1440016652,5
Paranoid,610,2.87392210374,6
Paranoid,509,2.84660063999,7
Paranoid,507,2.84660063999,8
Paranoid,419,2.53445476674,9
Paranoid,524,2.50946084406,10
Paranoid,469,2.46655439741,11
Paranoid,567,2.43177670761,12
Paranoid,502,2.39678715359,13
Paranoid,416,2.32814969912,14
Paranoid,421,2.29570921218,15
Paranoid,423,2.216218383,16
Paranoid,468,2.20509492324,17
Paranoid,471,2.17313528414,18
Paranoid,485,2.17184968556,19
Paranoid,517,2.14651758847,20
Paranoid,458,2.09903657825,21
Paranoid,501,2.07857047743,22
Paranoid,512,2.01845198916,23
Paranoid,510,2.01845198916,24
Paranoid,644,1.44806861336,25
Paranoid,497,1.34702391483,26
Paranoid,667,1.19397454584,27
Paranoid,498,1.18642138494,28
Paranoid,665,0.974522894387,29
Paranoid,660,0.974522894387,30
Paranoid,656,0.974522894387,31
Paranoid,655,0.974522894387,32
Paranoid,651,0.974522894387,33
Paranoid,649,0.974522894387,34
Paranoid,648,0.974522894387,35
Paranoid,643,0.974522894387,36
Paranoid,642,0.974522894387,37
Paranoid,641,0.974522894387,38
Paranoid,639,0.974522894387,39
Paranoid,637,0.974522894387,40
Paranoid,635,0.974522894387,41
Paranoid,673,0.947091437955,42
Paranoid,659,0.947091437955,43
Paranoid,658,0.947091437955,44
Paranoid,657,0.947091437955,45
Paranoid,654,0.947091437955,46
Paranoid,653,0.947091437955,47
Paranoid,652,0.947091437955,48
Paranoid,647,0.947091437955,49
Paranoid,646,0.947091437955,50
Paranoid,640,0.947091437955,51
Paranoid,638,0.947091437955,52
Paranoid,636,0.947091437955,53
Paranoid,489,0.909111440659,54
Paranoid,462,0.861243343678,55
Paranoid,487,0.829673747444,56
Paranoid,438,0.626176184292,57
McCart42,418,6.50986675597,1
McCart42,508,5.95648860326,2
McCart42,417,5.32140888836,3
McCart42,424,4.94837718006,4
McCart42,509,4.94435072342,5
McCart42,507,4.94435072342,6
McCart42,524,4.52135521884,7
McCart42,567,4.46540072795,8
McCart42,502,4.45703942697,9
McCart42,469,4.42523085313,10
McCart42,419,4.22908929205,11
McCart42,485,4.20860565528,12
McCart42,471,4.13074930357,13
McCart42,468,4.05641660535,14
McCart42,458,4.03197890295,15
McCart42,517,4.0206628928,16
McCart42,501,4.00379948816,17
McCart42,416,3.91537059997,18
McCart42,610,3.90730643945,19
McCart42,557,3.80618517693,20
McCart42,421,2.61516909194,21
McCart42,512,2.52606761723,22
McCart42,510,2.42436017782,23
McCart42,423,2.37013709758,24
McCart42,644,1.82826467667,25
McCart42,497,1.79245598106,26
McCart42,667,1.59750802306,27
McCart42,498,1.54698732108,28
McCart42,665,1.37805637161,29
McCart42,660,1.37805637161,30
McCart42,656,1.37805637161,31
McCart42,655,1.37805637161,32
McCart42,651,1.37805637161,33
McCart42,649,1.37805637161,34
McCart42,648,1.37805637161,35
McCart42,643,1.37805637161,36
McCart42,642,1.37805637161,37
McCart42,641,1.37805637161,38
McCart42,639,1.37805637161,39
McCart42,637,1.37805637161,40
McCart42,635,1.37805637161,41
McCart42,673,1.35062491518,42
McCart42,659,1.35062491518,43
McCart42,658,1.35062491518,44
McCart42,657,1.35062491518,45
McCart42,654,1.35062491518,46
McCart42,653,1.35062491518,47
McCart42,652,1.35062491518,48
McCart42,647,1.35062491518,49
McCart42,646,1.35062491518,50
McCart42,640,1.35062491518,51
McCart42,638,1.35062491518,52
McCart42,636,1.35062491518,53
McCart42,489,1.09214494932,54
McCart42,487,1.09214494932,55
McCart42,462,1.02065482244,56
McCart42,438,0.761688545293,57
J3ff,418,4.99678705194,1
J3ff,508,3.45202416673,2
J3ff,417,3.16855694868,3
J3ff,610,2.95603949806,4
J3ff,557,2.91062695402,5
J3ff,424,2.82299772535,6
J3ff,509,2.52148297069,7
J3ff,507,2.52148297069,8
J3ff,524,2.45048017932,9
J3ff,567,2.39613345678,10
J3ff,502,2.36114390276,11
J3ff,469,2.32813603945,12
J3ff,419,2.31966023308,13
J3ff,416,2.13669257937,14
J3ff,468,2.11678569216,15
J3ff,485,2.11286902081,16
J3ff,501,2.09303635348,17
J3ff,471,2.03471692618,18
J3ff,517,2.03143664443,19
J3ff,421,2.01566024518,20
J3ff,458,1.96061822029,21
J3ff,423,1.90460454318,22
J3ff,510,1.68735663577,23
J3ff,512,1.62740045612,24
J3ff,644,1.37805637161,25
J3ff,667,1.147299718,26
J3ff,497,1.14267169313,27
J3ff,498,0.979025919812,28
J3ff,665,0.927848066553,29
J3ff,660,0.927848066553,30
J3ff,656,0.927848066553,31
J3ff,655,0.927848066553,32
J3ff,651,0.927848066553,33
J3ff,649,0.927848066553,34
J3ff,648,0.927848066553,35
J3ff,643,0.927848066553,36
J3ff,642,0.927848066553,37
J3ff,641,0.927848066553,38
J3ff,639,0.927848066553,39
J3ff,637,0.927848066553,40
J3ff,635,0.927848066553,41
J3ff,673,0.900416610122,42
J3ff,659,0.900416610122,43
J3ff,658,0.900416610122,44
J3ff,657,0.900416610122,45
J3ff,654,0.900416610122,46
J3ff,653,0.900416610122,47
J3ff,652,0.900416610122,48
J3ff,647,0.900416610122,49
J3ff,646,0.900416610122,50
J3ff,640,0.900416610122,51
J3ff,638,0.900416610122,52
J3ff,636,0.900416610122,53
J3ff,462,0.759666229111,54
J3ff,489,0.728096632877,55
J3ff,487,0.728096632877,56
J3ff,438,0.579501356458,57
172,418,9.74501766451,1
172,644,9.47832413814,2
172,508,8.77166064786,3
172,417,8.47239287809,4
172,639,8.40825307659,5
172,660,8.40825307659,6
172,656,8.40825307659,7
172,651,8.40825307659,8
172,649,8.40825307659,9
172,648,8.40825307659,10
172,643,8.40825307659,11
172,642,8.40825307659,12
172,641,8.40825307659,13
172,635,8.40825307659,14
172,655,8.34842855139,15
172,637,8.34678296097,16
172,424,8.04275600269,17
172,524,8.03222865416,18
172,636,7.61569407637,19
172,509,7.57299198651,20
172,507,7.57299198651,21
172,659,7.56026355089,22
172,658,7.56026355089,23
172,657,7.56026355089,24
172,654,7.56026355089,25
172,653,7.56026355089,26
172,652,7.56026355089,27
172,647,7.56026355089,28
172,646,7.56026355089,29
172,640,7.56026355089,30
172,638,7.56026355089,31
172,567,7.47120358517,32
172,610,7.33177563594,33
172,502,7.28075346616,34
172,469,7.2746808852,35
172,485,7.05533932891,36
172,471,6.97807446305,37
172,419,6.97188246211,38
172,468,6.88326188549,39
172,517,6.86638370443,40
172,458,6.82996067297,41
172,501,6.74957179738,42
172,416,6.60866960344,43
172,557,4.68100607914,44
172,667,4.2937864546,45
172,665,4.03681825498,46
172,673,3.89972653406,47
172,421,3.47906919406,48
172,423,3.07816306746,49
172,510,3.05825677437,50
172,512,2.96832250489,51
172,497,2.51099616414,52
172,498,2.10188173083,53
172,487,1.64247177854,54
172,489,1.54952470488,55
172,462,1.31830035783,56
172,438,0.891220121778,57
Vasile,418,19.0756667189,1
Vasile,644,18.4215506894,2
Vasile,524,17.6565508255,3
Vasile,508,17.4504222218,4
Vasile,642,17.345168875,5
Vasile,639,17.345168875,6
Vasile,635,17.345168875,7
Vasile,660,17.345168875,8
Vasile,656,17.345168875,9
Vasile,651,17.345168875,10
Vasile,649,17.345168875,11
Vasile,648,17.345168875,12
Vasile,643,17.345168875,13
Vasile,641,17.345168875,14
Vasile,655,17.2827811833,15
Vasile,637,17.2310466445,16
Vasile,417,17.1941599929,17
Vasile,610,16.8977340536,18
Vasile,424,16.5447432377,19
Vasile,567,16.1518808828,20
Vasile,509,15.6307417166,21
Vasile,507,15.6307417166,22
Vasile,469,15.550390992,23
Vasile,502,15.5468692572,24
Vasile,485,15.320184002,25
Vasile,471,15.2770467061,26
Vasile,636,14.9589606565,27
Vasile,458,14.9315593582,28
Vasile,517,14.9067328197,29
Vasile,659,14.903530131,30
Vasile,658,14.903530131,31
Vasile,657,14.903530131,32
Vasile,654,14.903530131,33
Vasile,653,14.903530131,34
Vasile,652,14.903530131,35
Vasile,647,14.903530131,36
Vasile,646,14.903530131,37
Vasile,640,14.903530131,38
Vasile,638,14.903530131,39
Vasile,468,14.741022023,40
Vasile,501,14.3763897069,41
Vasile,419,13.9922018616,42
Vasile,667,13.8821694013,43
Vasile,665,13.2782424127,44
Vasile,416,13.2105682268,45
Vasile,673,10.5641602331,46
Vasile,557,8.80070512533,47
Vasile,421,6.50077426228,48
Vasile,497,5.82873683836,49
Vasile,510,5.67007414545,50
Vasile,512,5.55016178614,51
Vasile,423,5.3058922258,52
Vasile,498,4.51815620389,53
Vasile,487,3.67793294337,54
Vasile,489,3.30614464874,55
Vasile,462,2.41279080799,56
Vasile,438,1.54600207603,57
Hemanshu,644,6.34676472888,1
Hemanshu,636,5.47291742258,2
Hemanshu,659,5.4174868971,3
Hemanshu,658,5.4174868971,4
Hemanshu,657,5.4174868971,5
Hemanshu,654,5.4174868971,6
Hemanshu,653,5.4174868971,7
Hemanshu,652,5.4174868971,8
Hemanshu,647,5.4174868971,9
Hemanshu,646,5.4174868971,10
Hemanshu,640,5.4174868971,11
Hemanshu,638,5.4174868971,12
Hemanshu,660,5.27759520343,13
Hemanshu,656,5.27759520343,14
Hemanshu,651,5.27759520343,15
Hemanshu,649,5.27759520343,16
Hemanshu,648,5.27759520343,17
Hemanshu,643,5.27759520343,18
Hemanshu,642,5.27759520343,19
Hemanshu,641,5.27759520343,20
Hemanshu,639,5.27759520343,21
Hemanshu,635,5.27759520343,22
Hemanshu,655,5.21813684488,23
Hemanshu,637,5.21662838699,24
Hemanshu,418,4.52592782313,25
Hemanshu,508,3.2382926023,26
Hemanshu,417,3.01344645283,27
Hemanshu,424,2.89889695888,28
Hemanshu,524,2.8015521202,29
Hemanshu,610,2.60788455505,30
Hemanshu,509,2.52359192713,31
Hemanshu,507,2.52359192713,32
Hemanshu,419,2.50136734465,33
Hemanshu,416,2.31871248552,34
Hemanshu,567,2.21136730356,35
Hemanshu,469,2.16673829758,36
Hemanshu,502,2.15321613395,37
Hemanshu,667,2.15100980081,38
Hemanshu,468,1.98120233902,39
Hemanshu,471,1.92887015176,40
Hemanshu,485,1.92827866591,41
Hemanshu,501,1.9109229734,42
Hemanshu,421,1.91059459176,43
Hemanshu,665,1.89404160119,44
Hemanshu,458,1.8795267623,45
Hemanshu,517,1.82350887561,46
Hemanshu,673,1.81521948232,47
Hemanshu,557,1.75801119759,48
Hemanshu,423,1.67627201816,49
Hemanshu,512,1.52004547623,50
Hemanshu,510,1.52004547623,51
Hemanshu,497,0.750313796604,52
Hemanshu,498,0.586668023282,53
Hemanshu,487,0.503652001387,54
Hemanshu,462,0.488659750019,55
Hemanshu,489,0.410704927729,56
Hemanshu,438,0.363015377667,57
Golbez,644,6.18209330726,1
Golbez,655,4.91778757747,2
Golbez,637,4.91778757747,3
Golbez,647,4.91733420301,4
Golbez,659,4.79740904738,5
Golbez,658,4.79740904738,6
Golbez,657,4.79740904738,7
Golbez,654,4.79740904738,8
Golbez,653,4.79740904738,9
Golbez,652,4.79740904738,10
Golbez,646,4.79740904738,11
Golbez,640,4.79740904738,12
Golbez,638,4.79740904738,13
Golbez,660,4.74964397734,14
Golbez,656,4.74964397734,15
Golbez,643,4.74964397734,16
Golbez,642,4.74964397734,17
Golbez,641,4.74964397734,18
Golbez,639,4.74964397734,19
Golbez,635,4.74964397734,20
Golbez,651,4.74964397734,21
Golbez,649,4.74964397734,22
Golbez,648,4.74964397734,23
Golbez,418,4.50531301954,24
Golbez,636,4.49836941605,25
Golbez,508,3.21767779871,26
Golbez,417,2.99283164924,27
Golbez,424,2.87828215528,28
Golbez,524,2.69486918256,29
Golbez,610,2.58726975145,30
Golbez,509,2.50297712353,31
Golbez,507,2.50297712353,32
Golbez,419,2.48075254106,33
Golbez,416,2.29809768193,34
Golbez,567,2.19075249996,35
Golbez,469,2.14612349399,36
Golbez,502,2.13260133035,37
Golbez,667,1.97887353272,38
Golbez,468,1.96058753543,39
Golbez,421,1.91059459176,40
Golbez,471,1.90825534816,41
Golbez,485,1.90766386232,42
Golbez,501,1.8903081698,43
Golbez,458,1.85891195871,44
Golbez,665,1.81403195672,45
Golbez,517,1.80289407202,46
Golbez,673,1.75962241831,47
Golbez,557,1.75801119759,48
Golbez,423,1.67627201816,49
Golbez,512,1.52004547623,50
Golbez,510,1.52004547623,51
Golbez,497,0.750313796604,52
Golbez,498,0.586668023282,53
Golbez,487,0.503652001387,54
Golbez,462,0.488659750019,55
Golbez,489,0.410704927729,56
Golbez,438,0.363015377667,57
