<open file 'C:\\Users\\oamir\\Documents\\GitHub\\MipsColWriting\\mip_pickles\\Reagan_595', mode 'rb' at 0x000000001A3FD300>
neighbors of Don bright
2,1
3,1
4,1
5,1
neighbors of 4.54.210.xxx
3,0.1
4,0.1
5,0.1
neighbors of 208.144.114.xxx
3,0.1
4,0.1
5,0.1
neighbors of 172.171.175.xxx
3,0.1
4,0.1
5,0.1
neighbors of Ed Poor
3,0.3
36,0.1
5,0.2
39,0.2
51,0.2
24,0.2
4,0.3
neighbors of 64.12.107.xxx
2,1.1
3,1.1
4,0.2
5,0.2
11,1.1
12,1
13,1
neighbors of 203.109.250.xxx
2,1.1
3,0.2
4,0.2
5,0.2
11,1.1
12,1
13,1
neighbors of The Epopt
2,0.2
3,0.3
4,0.3
5,0.3
11,0.3
19,0.2
23,0.1
24,0.1
neighbors of Aripap
11,0.1
2,0.1
3,0.1
4,0.1
5,0.1
neighbors of The Cunctator
11,0.1
2,0.1
3,0.1
4,0.1
5,0.1
neighbors of Andrew Blair
2,0.1
3,0.1
4,1
5,0.1
11,0.1
19,1
neighbors of RobertL30
11,0.1
2,0.1
19,0.1
4,0.1
5,0.1
neighbors of Conversion script
2,0.1
3,0.1
4,0.1
5,0.1
11,0.1
19,0.1
neighbors of 130.94.122.xxx
2,0.1
3,0.1
4,0.1
5,0.1
11,0.1
19,0.1
23,1
24,1
neighbors of Bryan Derksen
2,0.1
4,0.2
5,0.1
138,0.1
11,0.1
19,0.1
23,0.1
24,0.1
132,0.1
159,0.1
160,0.1
36,0.1
39,0.1
171,0.1
180,0.1
201,0.1
81,0.1
83,0.1
93,0.1
95,0.1
96,0.1
102,0.1
109,0.1
110,0.1
114,0.1
115,0.1
124,0.1
125,0.1
neighbors of RobLa
19,0.3
2,0.3
3,0.1
4,0.4
5,1.3
70,0.1
39,0.1
11,0.3
24,0.4
51,0.1
55,0.1
88,1
23,0.3
83,0.1
36,1.1
neighbors of Brion VIBBER
2,0.1
3,0.1
4,0.1
5,0.1
11,0.1
19,0.1
23,0.1
24,0.1
neighbors of Aloha
3,0.1
4,0.1
5,0.1
11,0.1
19,0.1
23,0.1
24,0.1
neighbors of Andre Engels
2,0.1
4,0.1
5,0.1
11,0.1
19,0.1
23,0.1
24,0.1
neighbors of Zoe
2,0.1
3,0.1
4,0.2
5,1.1
39,0.1
11,0.1
19,0.2
23,0.1
24,0.2
36,0.1
neighbors of DavidLevinson
3,0.1
4,0.1
5,0.1
11,0.1
19,0.1
23,0.1
24,0.1
neighbors of B4hand
2,0.1
3,0.1
4,0.1
5,0.1
11,0.1
19,1
23,0.1
24,0.1
neighbors of Infrogmation
2,1
3,0.3
36,0.3
5,0.3
39,1.1
11,1
19,0.3
23,1
24,0.3
4,0.3
neighbors of Mav
3,0.1
4,0.3
5,0.3
138,0.2
397,0.2
144,1
19,0.1
150,1
24,0.1
132,0.2
453,0.2
160,0.2
417,0.2
418,0.2
36,0.3
422,0.2
423,0.2
424,0.2
434,0.2
115,0.2
479,0.1
320,0.1
452,0.2
325,0.2
454,0.2
455,0.2
456,0.2
458,0.2
81,0.2
83,0.3
468,0.2
469,0.2
471,0.2
88,0.1
420,0.2
91,0.1
93,0.3
478,0.1
95,0.2
96,0.3
98,0.1
102,0.3
106,1
107,1
108,1
109,1.2
114,0.3
371,0.2
118,0.1
39,0.6
124,0.2
125,0.2
126,0.3
neighbors of Nixdorf
3,0.1
4,0.1
5,0.1
39,0.1
19,0.1
24,0.1
neighbors of Minesweeper
3,0.9
4,1.8
5,1.5
138,0.4
145,0.2
19,0.4
24,1.7
132,0.4
159,0.2
160,0.2
36,2.0
39,2.0
170,1
171,1
51,1.2
180,0.2
55,0.5
61,1
320,1.1
322,1
70,1
201,0.2
81,0.4
83,1.4
88,1.0
91,1.0
93,2.1
95,1.0
96,1.1
97,2
98,1.5
99,1
102,0.5
109,0.4
110,1.2
114,0.2
115,0.4
118,1.1
124,0.4
125,0.4
neighbors of Paul Benjamin Austin
3,0.1
4,0.2
5,0.1
19,0.1
24,0.1
36,0.2
39,0.2
81,0.1
83,0.1
93,0.1
95,0.1
96,0.1
102,0.1
109,0.1
110,0.1
114,0.1
115,0.1
124,0.1
125,0.1
132,0.1
138,0.1
159,0.1
160,0.1
170,0.1
171,0.1
180,0.1
227,0.1
228,1
229,1
230,1
231,1
232,1
233,1
234,1
235,1
236,1
237,1
238,1
239,1
240,1
241,1
242,1
243,1
244,1
245,1
246,1
247,1
248,1
249,1
250,1
251,1
252,1
253,1
254,1
255,1
256,1
257,1
258,1
259,1
260,1
261,1
262,1
263,1
264,1
265,1
266,1
267,1
268,1
269,1
270,1
271,1
272,1
273,1
274,1
275,1
276,1
277,1
278,1
279,1
280,1
281,1
282,1
283,1
284,1
285,1
286,1
287,1
288,1
289,1
290,1
291,1
292,1
293,1
294,1
295,1
296,1
297,1
298,1
299,1
300,1
301,1
302,1
303,1
304,1
305,1
306,1
307,1
308,1
309,1
310,1
311,1
312,1
313,1
neighbors of Unukorno
3,0.1
4,0.1
39,0.1
19,0.1
24,0.1
36,0.1
neighbors of Den fjättrade ankan~enwiki
3,0.1
4,0.1
39,0.1
19,0.1
24,0.1
36,0.1
neighbors of Dgrant
3,0.1
4,0.1
39,0.1
19,0.1
24,0.1
36,0.1
neighbors of JohnOwens
19,0.1
3,0.1
36,0.1
39,0.1
51,1
24,0.1
4,0.1
neighbors of Hephaestos
51,0.1
3,0.1
4,0.1
39,0.1
19,0.1
24,0.1
36,0.1
neighbors of Vzbs34
513,0.1
514,0.1
3,0.1
4,0.3
5,1.6
519,1
138,0.3
524,1
397,0.6
115,0.3
124,0.3
19,1
24,0.1
132,0.3
491,0.1
414,0.3
159,0.3
160,0.9
417,0.6
418,0.6
36,0.4
421,0.1
422,0.2
39,1.2
424,0.4
170,1.1
171,0.2
517,0.1
434,0.5
51,0.1
180,0.3
55,0.1
479,0.2
522,0.1
320,0.5
458,0.4
83,0.5
452,0.6
325,0.6
454,0.6
455,0.3
456,0.6
330,0.1
459,1.2
460,1.2
461,1
462,0.1
81,0.3
453,0.5
468,1.2
334,0.1
471,0.3
88,0.2
420,0.5
91,0.2
93,0.5
478,0.2
95,0.5
96,0.4
98,0.2
485,0.1
102,1.3
489,0.2
423,0.3
109,0.3
110,0.1
125,0.3
515,0.1
497,0.1
114,0.9
371,1.4
502,0.1
327,0.1
507,0.1
508,0.1
509,0.1
126,0.7
469,1.3
neighbors of Magnus Manske
3,0.1
4,0.1
5,0.1
39,0.1
51,0.1
55,0.1
24,0.1
57,1
neighbors of Saltine
3,0.1
4,0.1
5,0.1
39,0.1
51,0.1
55,0.1
24,0.1
57,1
neighbors of Youssefsan
4,0.1
5,0.1
39,0.1
51,0.1
55,0.1
24,0.1
neighbors of Jamesday
4,0.2
5,0.1
39,0.2
51,0.2
55,0.2
24,1.1
36,0.1
61,1
neighbors of Kingturtle
4,0.2
5,0.2
138,0.2
150,0.1
24,0.1
132,0.2
159,0.2
160,1.1
36,0.2
39,0.3
51,0.1
180,0.1
55,0.1
320,0.1
327,0.1
330,0.1
334,0.1
81,0.2
83,0.2
93,0.2
95,0.2
96,0.1
102,0.2
109,0.2
110,0.1
114,0.2
115,0.1
124,0.2
125,0.2
126,0.1
neighbors of Wik
4,0.1
5,0.1
39,0.1
51,0.1
55,0.1
24,0.1
neighbors of Jengod
4,0.6
389,0.3
391,0.3
393,0.3
138,0.3
397,1
24,0.3
36,0.6
39,1.5
370,0.3
51,0.3
180,0.3
55,0.3
320,0.3
325,0.3
327,0.3
81,0.3
93,0.3
95,0.3
114,0.3
125,0.3
126,0.3
neighbors of Morwen
96,0.1
51,0.1
4,0.1
133,0.1
102,0.1
39,0.2
109,0.1
93,0.1
81,0.1
115,0.1
118,0.1
55,0.1
24,0.1
132,0.1
124,0.1
125,0.1
36,0.2
neighbors of Pakaran
4,0.2
5,0.2
70,0.1
39,0.2
51,1.1
55,0.2
24,0.2
36,0.2
neighbors of RickK
513,0.2
514,0.2
3,0.1
4,0.2
5,0.5
138,0.3
371,0.1
524,0.2
397,0.2
515,0.1
24,0.2
132,0.3
538,0.2
159,0.3
160,0.5
417,0.2
418,0.2
419,0.2
36,0.4
39,0.7
424,0.2
170,0.2
171,0.2
517,0.2
498,0.2
452,0.2
51,0.2
180,1
565,0.1
55,0.2
569,1
522,0.2
320,0.1
577,0.1
83,0.4
451,0.2
580,1
454,0.2
455,0.2
456,0.2
458,0.2
567,0.2
81,0.3
416,0.2
468,0.2
469,0.2
471,0.2
93,0.3
95,0.3
96,0.3
485,0.2
102,0.3
508,0.2
109,0.3
509,0.2
114,0.5
115,0.3
501,0.2
502,0.2
507,0.2
124,0.3
125,0.3
neighbors of AlexPlank
36,0.1
5,0.1
39,0.1
51,0.1
55,0.1
24,0.1
4,0.1
neighbors of Spider Jerusalem
36,0.2
5,0.2
39,0.2
51,0.2
55,0.2
24,0.2
4,0.2
neighbors of Kahn~enwiki
36,0.1
5,0.1
39,0.1
81,1
51,0.1
55,0.1
24,0.1
4,0.1
neighbors of Rebrane
3,0.1
132,0.2
5,0.4
138,0.2
145,1
24,0.2
4,0.2
159,0.1
36,0.4
39,0.4
51,0.2
55,0.2
81,0.3
83,1.3
84,1
93,0.2
95,0.1
96,0.2
102,0.2
109,0.2
114,0.1
115,0.2
118,0.1
124,0.2
125,0.2
neighbors of Daniel Quinlan
51,0.2
3,0.1
36,0.2
5,0.2
39,0.2
83,0.2
55,0.2
24,0.2
4,0.2
neighbors of Punkche
96,0.4
51,0.1
98,0.4
3,0.1
36,0.5
5,0.3
102,0.3
39,0.5
115,0.2
24,0.1
114,0.2
83,0.4
117,0.2
118,1.1
55,0.1
88,0.3
4,0.5
91,1.2
93,0.4
95,0.4
neighbors of Prumpf
51,0.1
3,0.1
36,0.1
5,0.1
39,0.1
88,0.1
83,0.1
84,1
55,0.1
24,0.1
4,0.1
91,0.1
neighbors of Meelar
3,0.6
4,0.2
5,0.4
138,0.5
397,0.1
145,1
148,1
405,0.1
132,0.4
414,0.1
159,0.2
160,0.2
417,0.1
418,0.1
419,0.1
36,1.1
421,0.1
39,1.1
170,0.2
171,0.2
180,0.1
55,1
415,0.1
320,0.1
325,0.1
327,0.1
81,0.5
83,1.0
88,0.1
420,0.1
91,0.1
93,0.9
95,1.9
96,1.9
102,0.9
423,0.1
109,0.5
114,0.8
115,0.9
117,1
118,1.4
123,0.5
124,1.7
125,1.6
126,1.1
neighbors of Delirium
4,0.1
5,0.2
397,0.1
325,0.1
160,0.1
417,0.1
418,0.1
36,0.1
422,0.1
39,0.2
434,0.1
95,0.1
452,0.1
453,0.1
454,0.1
455,0.1
456,0.1
83,0.1
468,0.1
469,0.1
471,0.1
88,0.1
420,0.1
91,0.1
93,0.1
478,0.1
479,0.1
96,0.1
98,0.1
101,1
423,0.1
114,0.1
371,0.1
126,0.1
neighbors of Chrisn4255
513,0.1
514,0.1
515,0.1
4,0.2
5,0.2
138,0.2
524,0.1
397,0.1
132,0.2
538,0.1
517,0.1
160,0.3
417,0.1
418,0.1
419,0.1
36,0.2
95,0.3
39,0.4
424,0.1
170,0.1
171,0.1
114,0.3
115,0.2
180,0.1
565,0.1
567,0.1
159,0.2
522,0.1
320,0.2
416,0.1
451,0.1
452,0.1
325,0.1
454,0.1
327,0.1
456,0.1
201,0.1
330,0.1
81,0.2
83,0.3
468,0.1
469,0.1
471,0.1
88,0.1
91,0.1
93,0.3
458,0.1
96,0.2
98,0.1
485,0.1
102,0.3
124,0.1
109,0.2
110,0.1
125,0.2
498,0.1
371,0.1
501,0.1
502,0.1
507,0.1
508,0.1
509,0.1
126,0.1
455,0.1
neighbors of JohnWoolsey
96,0.3
98,0.3
36,0.3
102,0.3
39,0.3
112,1
83,0.3
88,1.2
4,0.3
91,0.3
93,0.3
95,0.3
neighbors of Garrett Albright
96,0.1
98,0.1
115,1
36,0.1
102,0.1
39,0.1
112,0.1
114,1
83,0.1
4,0.1
91,0.1
93,0.1
95,0.1
neighbors of Donarreiskoffer
96,0.1
98,0.1
36,0.1
102,0.1
70,1
39,0.1
83,0.1
112,1
114,0.1
115,0.1
117,1
4,0.1
91,1
93,0.1
95,0.1
neighbors of Hcheney
513,0.1
514,0.1
515,0.1
132,0.1
5,0.2
641,0.4
648,0.4
649,0.4
138,0.1
651,0.4
524,0.4
397,0.1
656,0.4
643,0.4
660,0.4
665,0.4
538,0.1
508,0.5
517,0.5
160,0.2
417,0.5
546,1
419,0.4
36,0.2
39,0.3
424,0.5
498,0.1
645,0.3
371,0.1
567,0.4
159,0.1
522,0.1
320,0.1
416,0.4
451,0.1
452,0.1
454,0.1
455,0.1
456,0.1
458,0.4
418,0.5
81,0.1
83,0.2
468,0.5
469,0.5
642,0.4
471,0.5
123,0.1
93,0.2
95,0.2
96,0.2
610,0.4
635,0.4
485,0.5
102,0.2
124,0.2
109,0.2
509,0.5
114,0.2
115,0.2
501,0.5
502,0.5
673,0.4
507,0.5
636,0.4
125,0.2
126,0.1
639,0.4
neighbors of Wwoods
513,0.1
514,0.1
132,0.1
517,0.1
522,0.1
599,0.1
524,0.1
397,0.1
538,0.1
5,0.1
416,0.1
417,0.1
419,0.1
36,0.2
39,0.2
424,0.1
567,0.1
320,1
160,0.1
451,0.1
452,0.1
502,0.1
454,0.1
455,0.1
458,0.1
591,0.1
81,0.1
83,0.1
468,0.1
469,0.1
471,0.1
93,0.1
96,0.1
485,0.1
102,0.1
508,0.1
109,0.1
509,0.1
114,0.1
115,0.1
501,0.1
118,0.1
507,0.1
124,0.1
125,0.1
neighbors of M. E. Smith
513,0.1
514,0.1
3,0.1
132,0.3
133,0.2
391,0.2
393,0.2
138,0.3
397,0.4
400,1
515,0.1
405,0.1
4,0.2
5,0.2
414,1.1
389,0.2
416,1
417,1.1
418,1.1
419,1
36,0.6
421,1
422,1
39,0.7
424,1.1
455,0.1
517,0.1
370,0.2
180,0.2
415,1
320,0.3
160,0.1
452,0.1
325,0.3
454,0.1
327,0.3
456,0.1
201,0.1
458,0.1
81,0.6
469,0.1
471,0.1
420,1
93,0.5
95,0.2
96,0.3
485,0.1
102,0.3
502,0.1
423,1
109,0.3
509,0.1
498,0.1
115,0.3
118,0.3
114,0.4
507,0.1
124,0.3
125,0.5
126,0.4
neighbors of Thunderbunny
96,0.1
115,0.1
132,0.1
5,0.1
102,0.1
39,0.1
138,0.1
109,0.1
125,0.1
81,0.1
83,0.1
118,0.1
36,0.1
124,0.1
93,0.1
neighbors of Seth Ilys
96,0.1
115,0.1
132,0.1
5,0.1
102,0.1
39,0.1
138,0.1
109,0.1
125,0.1
81,0.1
83,0.1
118,0.1
36,0.1
124,0.1
93,0.1
neighbors of Timwi
96,0.1
83,0.1
132,0.1
5,0.1
102,0.1
39,0.1
138,0.1
109,0.1
93,0.1
81,0.1
115,0.1
118,0.1
36,0.1
124,0.1
125,0.1
neighbors of Steven jones
96,0.1
83,0.1
132,0.1
5,0.1
102,0.1
39,0.1
138,0.1
109,0.1
93,0.1
145,0.1
115,0.1
118,0.1
36,0.1
95,0.1
124,0.1
125,0.1
81,0.1
neighbors of Formeruser-83
96,0.1
115,0.1
36,0.1
5,0.1
102,0.1
39,0.1
145,0.1
138,0.1
109,0.1
81,0.1
83,0.1
148,1
118,0.1
132,0.1
124,0.1
125,0.1
95,0.1
neighbors of ChicXulub
96,0.1
115,0.1
132,0.1
5,0.1
102,0.1
39,0.1
138,0.1
109,0.1
125,0.1
81,0.1
114,0.1
83,0.1
36,0.1
124,0.1
93,0.1
95,0.1
neighbors of MisfitToys
132,0.1
5,0.1
138,0.1
397,0.3
414,0.2
453,0.3
416,0.1
417,0.3
418,0.3
36,0.2
421,0.1
39,0.4
424,0.1
434,0.3
320,0.3
160,0.1
452,0.3
325,0.1
454,0.3
456,0.3
81,0.1
83,0.1
420,0.3
93,0.1
95,0.1
96,0.1
102,0.1
423,0.3
109,0.1
114,0.4
115,0.1
124,0.2
125,0.1
126,0.3
neighbors of Alba
96,0.1
83,0.1
132,0.1
5,0.1
102,0.1
39,0.1
138,0.1
109,0.1
93,0.1
81,0.1
114,0.1
115,0.1
36,0.1
124,0.1
125,0.1
95,0.1
neighbors of Decumanus
96,0.1
83,0.1
132,0.1
5,0.1
102,0.1
39,0.1
138,0.1
109,0.1
93,0.1
81,0.1
114,0.1
115,0.1
36,0.1
124,0.1
125,0.1
95,0.1
neighbors of Misterrick
96,0.1
115,0.1
132,0.1
5,0.1
102,0.1
39,0.1
138,0.1
109,0.1
125,0.1
81,0.1
114,0.1
83,0.1
36,0.1
124,0.1
93,0.1
95,0.1
neighbors of Smith03
96,0.1
83,0.1
132,0.1
5,0.1
102,0.1
39,0.1
138,0.1
109,0.1
93,0.1
81,0.1
114,0.1
115,0.1
36,0.1
124,0.1
125,0.1
95,0.1
neighbors of Loweeel
96,0.1
115,0.1
132,0.1
5,0.1
102,0.1
39,0.1
138,0.1
109,0.1
125,0.1
81,0.1
114,0.1
83,0.1
36,0.1
95,0.1
124,0.1
93,0.1
159,1
neighbors of Clarknova
96,0.1
160,0.1
83,0.1
132,0.1
5,0.1
102,0.1
39,0.1
138,0.1
109,0.1
93,0.1
81,0.1
114,0.1
115,0.1
36,0.1
159,0.1
124,0.1
125,0.1
95,0.1
neighbors of Olivier
96,0.1
160,0.1
115,0.1
132,0.1
5,0.1
102,0.1
39,0.1
138,0.1
109,0.1
125,0.1
81,0.1
114,0.1
83,0.1
95,0.1
124,0.1
93,0.1
126,0.1
159,0.1
neighbors of Marcus2
641,0.1
642,0.1
643,0.1
132,0.1
5,0.1
648,0.1
649,0.1
138,0.1
651,0.1
524,0.1
656,0.1
660,0.1
665,0.1
508,0.1
159,0.1
160,0.1
673,0.1
418,0.1
419,0.1
36,0.1
39,0.1
424,0.1
517,0.1
645,0.1
567,0.1
416,0.1
417,0.1
458,0.1
81,0.1
83,0.1
468,0.1
469,0.1
471,0.1
93,0.1
95,0.1
96,0.1
610,0.1
507,0.1
485,0.1
102,0.1
124,0.1
109,0.1
509,0.1
114,0.1
115,0.1
501,0.1
502,0.1
635,0.1
636,0.1
125,0.1
639,0.1
neighbors of LouI
96,0.1
160,0.1
83,0.1
132,0.1
5,0.1
102,0.1
39,0.1
138,0.1
109,0.1
93,0.1
81,0.1
114,0.1
115,0.1
36,0.1
159,0.1
124,0.1
125,0.1
95,0.1
neighbors of JKnight
96,0.1
160,0.1
115,0.1
132,0.1
5,0.1
102,0.1
39,0.1
138,0.1
109,0.1
125,0.1
81,0.1
114,0.1
83,0.1
36,0.1
95,0.1
124,0.1
93,0.1
159,0.1
neighbors of WhisperToMe
132,0.2
5,0.2
138,0.2
397,0.1
150,0.1
414,0.1
159,0.2
160,0.3
417,0.1
418,0.1
36,0.1
422,0.1
39,0.3
424,0.1
170,0.1
171,0.1
434,0.1
371,0.1
180,0.1
479,0.1
83,0.2
452,0.1
325,0.1
454,0.1
455,0.1
456,0.1
458,0.1
81,0.2
453,0.1
469,0.1
471,0.1
420,0.1
93,0.2
478,0.1
95,0.2
96,0.2
102,0.2
489,0.1
109,0.2
114,0.3
115,0.2
124,0.2
125,0.2
126,0.1
neighbors of Dysprosia
96,0.1
160,0.1
83,0.1
132,0.1
5,1
102,0.1
39,0.1
170,1
171,1
109,0.1
93,0.1
81,0.1
114,0.1
115,0.1
138,0.1
159,0.1
124,0.1
125,0.1
95,0.1
neighbors of Mark Richards
96,0.3
160,0.3
115,0.3
132,0.3
102,0.3
39,0.3
138,0.3
171,0.3
109,0.3
125,0.3
81,0.3
114,0.3
83,0.3
170,0.3
36,0.3
95,0.3
124,0.3
93,0.3
159,0.3
neighbors of AmericanCentury21
3,0.1
132,0.4
389,0.3
391,0.3
393,0.3
138,0.7
397,0.3
405,0.3
150,0.1
4,0.6
159,0.4
160,0.2
36,0.7
39,0.7
170,0.1
171,0.1
114,0.7
180,0.7
319,0.1
320,0.4
325,0.6
327,0.6
330,0.1
334,0.1
81,0.7
83,0.2
93,0.7
95,0.7
96,0.1
102,0.4
109,0.2
110,0.1
370,0.4
115,0.1
376,0.1
377,0.1
378,0.1
124,0.4
125,0.7
126,0.6
neighbors of IZAK
132,0.3
138,0.3
4,0.2
159,0.3
160,0.2
36,0.3
39,0.3
170,0.1
171,0.1
370,0.1
180,0.3
320,0.1
325,0.1
327,0.2
330,0.1
334,0.1
81,0.3
83,0.2
93,0.3
95,0.3
96,0.1
102,0.3
109,0.2
110,0.1
114,0.3
115,0.1
124,0.3
125,0.3
126,0.2
neighbors of Rossrs
96,0.1
160,0.1
83,0.1
132,0.1
102,0.1
39,0.1
138,0.1
171,0.1
109,0.1
93,0.1
81,0.1
114,0.1
115,0.1
180,0.1
150,0.1
170,0.1
36,0.1
159,0.1
124,0.1
125,0.1
95,0.1
neighbors of Brian Schlosser42
132,0.2
138,0.2
4,0.2
159,0.2
160,0.2
36,0.2
39,0.2
170,0.2
171,0.2
180,0.2
193,0.2
81,0.2
83,0.2
93,0.2
95,0.2
96,0.2
102,0.2
109,0.2
110,0.2
114,0.2
115,0.2
124,0.2
125,0.2
neighbors of Nunh-huh
132,0.3
138,0.3
4,0.3
159,0.3
160,0.3
36,0.3
39,0.3
170,0.1
171,0.1
180,0.3
319,0.1
320,0.2
193,1
322,1
325,0.2
327,0.1
201,0.2
330,1
81,0.3
83,0.3
93,0.3
95,0.3
96,0.1
102,0.3
109,0.3
110,0.3
114,0.3
115,0.3
124,0.2
125,0.3
neighbors of Fredrik
299,1
4,0.2
138,0.2
271,1
272,1
273,1
274,1
275,1
276,1
277,1
278,1
279,1
280,1
132,0.2
282,1
283,1
284,1
285,1
286,1
159,0.2
160,0.2
289,1
290,1
291,1
36,0.2
293,1
294,1
39,0.2
296,1
297,1
170,0.2
171,0.2
300,1
301,1
302,1
303,1
304,1
305,1
306,1
307,1
180,0.2
309,1
310,1
311,1
312,1
308,1
287,1
193,1
288,1
81,0.2
83,0.2
313,1
281,1
292,1
93,0.2
95,0.2
96,0.2
225,1
227,1
102,0.2
295,1
109,0.2
110,0.2
114,0.2
115,0.2
298,1
124,0.2
125,0.2
neighbors of Neutrality
132,0.3
138,0.3
4,0.3
159,0.3
160,0.3
36,0.3
39,0.3
170,0.2
171,0.3
93,0.3
115,0.3
180,0.3
95,0.3
96,0.3
203,1
204,1
205,1
206,1
207,1
208,1
81,0.3
210,1
83,0.3
212,1
213,1
214,1
215,1
216,1
217,1
218,1
219,1
220,1
221,1
222,1
223,1
224,1
225,1
102,0.3
209,1
109,0.3
110,0.3
114,0.3
211,1
124,0.3
125,0.3
neighbors of Rmhermen
4,0.2
138,0.2
132,0.2
159,0.2
160,0.2
36,0.2
39,0.2
170,0.1
171,0.1
180,0.2
325,1
327,0.1
330,1
81,0.2
83,0.1
93,0.2
95,0.2
96,0.1
102,0.2
109,0.2
110,0.1
114,0.2
115,0.1
124,0.2
125,0.2
126,0.1
neighbors of Saopaulo1
132,0.1
138,0.1
4,0.1
159,0.1
160,0.1
36,1
39,0.1
170,0.1
171,0.1
180,0.1
81,0.1
83,0.1
93,0.1
95,0.1
96,0.1
102,0.1
109,0.1
110,0.1
114,0.1
115,0.1
124,0.1
125,0.1
neighbors of Rookkey
3,0.1
4,0.4
5,0.2
138,0.4
397,0.4
132,0.4
159,0.4
160,0.8
417,0.4
418,0.2
36,0.2
421,0.4
325,0.4
39,0.8
424,0.4
170,0.3
171,0.4
370,0.1
434,0.4
115,0.4
180,0.4
479,0.2
320,0.2
452,0.4
453,0.2
454,0.4
455,0.4
456,0.4
201,1.3
458,0.3
81,0.4
83,0.4
468,0.4
469,0.4
471,0.4
420,0.4
93,0.4
478,0.2
95,0.4
96,0.4
327,0.2
485,0.2
102,0.4
487,0.2
489,0.2
423,0.2
109,0.4
110,0.4
497,0.2
114,0.8
371,0.4
501,1
502,1
124,0.4
125,0.4
126,0.4
neighbors of Marcschulz
132,0.3
138,0.3
4,0.3
159,0.3
160,0.3
36,0.1
39,0.3
170,0.3
171,0.3
180,0.3
201,0.2
81,0.3
83,0.3
93,0.3
95,0.3
96,0.3
102,0.3
109,0.3
110,0.3
114,0.3
115,0.3
124,0.3
125,0.3
neighbors of Wikisux
132,0.1
138,0.1
397,0.1
4,0.1
414,0.1
159,0.1
160,0.1
417,0.1
418,0.1
36,0.2
39,0.2
170,0.1
171,0.1
434,0.1
180,0.1
320,0.1
453,0.1
454,0.1
327,0.1
456,0.1
201,0.1
81,0.1
83,0.1
420,0.1
93,0.1
95,0.1
96,0.1
102,0.1
423,0.1
109,0.1
110,0.1
114,0.2
115,0.1
124,0.1
125,0.1
126,0.1
neighbors of Jiang
513,0.9
514,0.9
515,1.5
132,0.6
389,0.3
391,0.3
393,0.3
138,0.9
471,0.9
524,0.4
397,1.2
405,0.3
4,0.9
538,0.7
5,0.9
414,0.3
159,0.6
160,1.3
417,0.9
418,0.7
419,0.4
36,1.2
421,0.1
39,1.8
424,0.9
170,0.3
171,0.3
517,0.8
498,0.2
434,0.4
115,0.4
180,1.7
577,0.1
567,0.3
95,0.9
522,1.7
319,1
320,1.2
416,0.4
451,0.7
452,0.9
325,0.7
454,0.9
327,0.6
456,0.7
201,0.4
458,0.6
546,0.3
591,0.2
81,0.9
83,0.4
468,0.8
469,0.9
598,1
599,1
601,0.1
93,0.9
478,1
479,1
96,0.3
485,0.9
102,0.6
487,0.1
508,0.7
109,0.4
110,0.4
125,0.9
497,0.1
370,0.2
371,1.5
501,0.7
502,0.9
511,1
114,1.8
507,0.9
124,0.6
509,0.9
126,1.1
455,0.9
neighbors of Leonard G.
132,0.8
138,0.8
4,0.8
159,0.8
160,0.8
36,0.8
39,0.8
171,0.1
180,0.8
319,1.1
320,0.7
322,0.2
325,0.4
327,1.2
201,0.8
330,0.1
334,0.1
81,0.8
83,0.8
93,0.8
95,0.8
96,0.5
102,0.8
109,0.8
110,0.8
114,0.8
115,0.8
124,0.8
125,0.8
126,0.1
neighbors of Flockmeal
4,0.1
138,0.1
132,0.1
159,0.1
160,0.1
36,0.1
39,0.1
180,0.1
320,0.1
322,0.1
201,0.1
81,0.1
83,0.1
93,0.1
95,0.1
96,0.1
102,0.1
109,0.1
110,0.1
114,0.1
115,0.1
124,0.1
125,0.1
neighbors of Sam Francis
132,0.1
138,0.1
4,0.1
159,0.1
160,0.1
36,0.1
39,0.1
180,0.1
320,0.1
325,1
201,0.1
81,0.1
83,0.1
93,0.1
95,0.1
96,0.1
102,0.1
109,0.1
110,0.1
114,0.1
115,0.1
124,0.1
125,0.1
neighbors of Michael Hardy
132,0.1
138,0.1
4,0.1
159,0.1
160,0.1
36,0.1
39,0.1
180,0.1
320,0.1
325,0.1
327,0.1
201,0.1
330,0.1
81,0.1
83,0.1
93,0.1
95,0.1
102,0.1
109,0.1
110,0.1
114,0.1
115,0.1
124,0.1
125,0.1
neighbors of Montrealais
132,0.3
138,0.3
4,0.3
159,0.3
160,0.3
36,0.3
39,0.3
180,0.3
320,0.3
325,0.3
327,0.3
201,0.3
330,0.3
333,1.1
334,1.2
81,0.3
83,0.3
93,0.3
95,0.3
102,0.3
109,0.3
110,0.3
114,0.3
115,0.3
125,0.3
126,0.3
neighbors of Guanaco
132,0.1
138,0.1
4,0.1
159,0.1
160,0.1
36,0.1
39,0.1
115,0.1
180,0.1
320,0.1
325,0.1
327,0.1
201,0.1
330,0.1
334,0.1
336,1
81,0.1
338,1
83,0.1
93,0.1
95,0.1
102,0.1
337,1
109,0.1
110,0.1
114,0.1
339,1
125,0.1
126,0.1
neighbors of Mick287
132,0.1
138,0.1
4,0.1
159,0.1
160,0.1
36,0.1
39,0.1
180,0.1
320,0.1
325,0.1
327,0.1
330,0.1
334,0.1
81,0.1
83,0.1
93,0.1
95,0.1
102,0.1
109,0.1
110,0.1
114,0.1
115,0.1
124,0.1
125,0.1
126,0.1
neighbors of Maximus Rex
132,0.1
389,0.1
391,0.1
393,0.1
138,0.2
397,0.1
405,0.1
4,0.2
159,0.1
160,0.1
36,0.2
39,0.2
114,0.2
180,0.2
320,0.2
325,0.2
327,0.2
330,0.1
334,0.1
81,0.2
83,0.1
93,0.2
95,0.2
102,0.1
109,0.1
110,0.1
370,0.1
115,0.1
124,0.1
125,0.2
126,0.2
neighbors of Terjepetersen
4,0.1
138,0.1
132,0.1
159,0.1
160,0.1
36,0.1
39,0.1
180,0.1
320,0.1
327,0.1
330,0.1
334,0.1
81,0.1
83,0.1
95,0.1
102,0.1
109,0.1
110,0.1
114,0.1
124,0.1
125,0.1
126,0.1
neighbors of Epsilon9
160,0.1
320,0.1
36,0.1
132,0.1
325,0.1
102,0.1
39,0.1
330,0.1
327,0.1
109,0.1
334,0.1
125,0.1
81,0.1
114,0.1
180,0.1
4,0.1
159,0.1
124,0.1
138,0.1
126,0.1
95,0.1
neighbors of Pir
513,0.2
514,0.2
515,0.2
4,0.2
517,0.2
138,0.2
397,0.2
132,0.2
538,0.1
5,0.2
414,0.1
159,0.2
160,0.4
417,0.2
418,0.2
36,0.2
39,0.4
424,0.2
327,0.2
180,0.2
522,0.2
320,0.4
451,0.1
452,0.2
325,0.1
454,0.2
455,0.2
456,0.2
330,0.2
546,0.1
334,0.2
81,0.2
468,0.2
469,0.2
471,0.1
93,0.1
95,0.2
485,0.2
102,0.2
124,0.2
109,0.1
125,0.2
114,0.4
371,0.1
501,0.2
502,0.2
507,0.2
508,0.2
509,0.2
126,0.4
neighbors of Robbar~enwiki
160,0.1
320,0.1
132,0.1
325,0.1
102,0.1
39,0.1
138,0.1
327,0.1
330,0.1
334,0.1
93,0.1
81,0.1
114,0.1
95,0.1
180,0.1
4,0.1
159,0.1
124,0.1
125,0.1
126,0.1
36,0.1
neighbors of Randwicked
160,0.1
132,0.1
325,0.1
102,0.1
39,0.1
138,0.1
327,0.1
125,0.1
36,0.1
334,0.1
93,0.1
81,0.1
114,0.1
180,0.1
150,0.1
4,0.1
159,0.1
124,0.1
330,0.1
126,0.1
95,0.1
neighbors of Dcoetzee
160,0.1
320,0.1
132,0.1
325,0.1
102,0.1
39,0.1
138,0.1
327,0.1
125,0.1
334,0.1
93,0.1
81,0.1
114,0.1
180,0.1
4,0.1
36,0.1
159,0.1
124,0.1
330,0.1
126,0.1
95,0.1
neighbors of Tothebarricades.tk
160,0.1
132,0.1
325,0.1
102,0.1
39,0.1
138,0.1
327,0.1
36,0.1
334,0.1
125,0.1
81,0.1
114,0.1
180,0.1
4,0.1
159,0.1
124,0.1
330,0.1
126,0.1
95,0.1
neighbors of Exigentsky
160,0.2
132,0.2
325,0.2
102,0.2
39,0.2
330,0.2
327,0.2
109,0.2
93,0.2
333,0.1
81,0.2
114,0.2
180,0.2
138,0.2
4,0.2
36,0.2
159,0.2
124,0.2
125,0.2
126,0.2
95,0.2
neighbors of Tom-
132,0.1
138,0.1
4,0.1
159,0.1
36,0.1
39,0.1
114,0.1
180,0.1
325,0.1
327,0.1
81,0.1
93,0.1
95,0.1
102,0.1
124,0.1
370,0.1
376,0.1
377,0.1
378,0.1
380,0.1
125,0.1
126,0.1
neighbors of Anirvan
4,0.1
138,0.1
132,0.1
159,0.1
36,0.1
39,0.1
114,0.1
180,0.1
325,0.1
327,0.1
334,0.1
81,0.1
93,0.1
95,0.1
102,0.1
370,0.1
376,0.1
377,0.1
378,0.1
379,0.1
124,0.1
125,0.1
126,0.1
neighbors of Abqwildcat
132,1
36,0.1
325,0.1
102,0.1
39,0.1
138,0.1
327,0.1
114,0.1
334,0.1
93,0.1
81,0.1
370,0.1
180,0.1
4,0.1
376,0.1
377,0.1
378,0.1
159,0.1
125,0.1
126,0.1
95,0.1
neighbors of Chrisbolt
320,0.1
36,0.1
389,0.1
325,0.1
39,0.1
393,0.1
138,0.1
327,0.1
397,0.1
125,0.1
81,0.1
370,0.1
180,0.1
391,0.1
4,0.1
114,0.1
93,0.1
126,0.1
95,0.1
neighbors of Texture
513,1.3
514,1.3
515,0.9
4,0.2
389,0.2
391,0.2
648,0.1
393,0.2
138,0.2
651,0.1
524,0.8
397,1.7
655,0.1
400,0.1
579,1
660,0.1
405,0.1
534,1
665,0.1
644,0.1
538,1.1
414,0.5
5,1.3
160,1.4
417,1.6
418,1.6
419,0.8
36,0.3
421,0.1
39,1.7
424,1.4
453,1.1
327,0.3
517,1.4
370,0.2
645,0.1
434,0.6
180,0.2
565,1.3
567,0.8
641,0.1
509,1.4
522,1.3
320,1.5
416,0.8
451,2.3
452,2.4
325,0.3
454,2.4
455,2.3
456,2.4
649,0.1
458,0.9
459,0.1
460,0.1
546,0.2
81,0.2
468,1.4
469,1.4
642,0.1
471,1.3
420,0.2
93,0.2
95,0.2
656,0.1
610,0.1
507,1.4
485,1.4
423,0.2
125,0.2
498,0.8
371,0.9
643,0.1
501,1.4
502,1.4
114,1.7
635,0.1
508,1.4
637,0.1
126,1.0
639,0.1
neighbors of Davejenk1ns
320,0.1
36,0.1
389,0.1
39,0.1
405,0.1
393,0.1
138,0.1
327,0.1
397,0.1
93,0.1
81,0.1
370,0.1
180,0.1
391,0.1
4,0.1
114,0.1
95,0.1
125,0.1
126,0.1
325,0.1
neighbors of Edward
513,0.1
514,0.1
3,1
4,0.1
5,1.1
391,0.1
393,0.1
138,0.1
524,0.1
397,0.2
405,0.1
538,0.1
517,0.1
416,0.1
417,0.1
419,0.1
36,0.2
39,0.2
424,0.1
455,0.1
567,0.1
522,0.1
320,0.2
160,0.1
451,0.1
452,0.1
325,0.1
454,0.1
327,0.1
389,0.1
458,0.1
591,0.1
81,0.1
468,0.1
597,1
598,1
471,0.1
93,0.1
95,0.1
485,0.1
509,0.1
114,0.2
501,0.1
502,0.1
507,0.1
508,0.1
125,0.1
126,0.1
469,0.1
neighbors of GD~enwiki
513,0.2
514,0.2
3,0.2
5,0.4
138,0.2
397,0.5
515,0.2
405,0.2
414,0.4
415,0.2
160,0.3
417,0.5
418,0.2
419,0.2
36,0.2
421,0.3
422,0.1
39,0.5
424,0.3
453,0.1
327,0.2
517,0.2
434,0.1
522,0.2
320,0.5
452,0.3
325,0.3
454,0.3
455,0.3
456,0.3
458,0.2
81,0.2
468,0.3
469,0.3
471,0.2
420,0.3
478,0.1
479,1
485,0.2
423,0.3
114,0.5
371,0.1
501,0.2
502,0.2
507,0.2
508,0.2
509,0.2
126,0.5
neighbors of Jdavidb
513,0.1
514,0.1
3,0.1
5,0.3
138,0.2
524,0.1
397,0.4
405,0.2
538,0.1
414,0.1
517,0.1
160,0.2
417,0.4
418,0.3
419,0.3
36,0.3
421,0.2
325,0.3
39,0.4
424,0.2
327,0.2
114,0.4
434,1.1
567,0.1
415,0.1
522,0.1
320,0.4
416,0.1
451,0.1
452,0.2
453,0.1
454,0.2
455,0.2
456,0.2
458,0.2
588,0.1
81,0.2
468,0.2
469,0.2
471,0.1
420,0.3
485,0.1
423,0.3
498,0.1
371,0.1
501,0.1
502,0.1
507,0.1
508,0.1
509,0.1
126,0.3
neighbors of Gazpacho
513,0.2
514,0.2
515,0.2
517,1.1
138,0.3
397,0.5
405,0.3
5,0.4
414,0.5
415,1.1
160,0.2
417,0.5
418,0.5
419,0.2
36,0.3
421,0.5
39,0.5
424,0.2
327,0.3
114,0.5
434,0.1
320,0.3
452,0.2
325,0.2
454,0.2
455,0.2
456,0.2
458,0.2
81,0.3
468,0.1
469,0.2
471,0.2
420,0.3
485,0.2
423,0.3
497,0.2
498,0.2
502,0.2
507,0.2
509,0.2
126,0.5
neighbors of ALargeElk
320,0.2
417,0.2
418,0.2
36,0.2
421,0.2
39,0.2
138,0.2
423,0.2
397,0.2
81,0.2
434,0.2
405,0.2
126,0.2
327,0.2
420,0.2
114,0.2
414,0.2
neighbors of Jafro
320,0.1
417,0.1
418,0.1
36,0.1
421,0.1
39,0.1
138,0.1
423,0.1
397,0.1
81,0.1
434,0.1
405,0.1
414,0.1
327,0.1
420,0.1
114,0.1
126,0.1
neighbors of Mr.President~enwiki
320,0.1
417,0.1
418,0.1
36,0.1
421,0.1
39,0.1
138,0.1
423,0.1
397,0.1
81,0.1
434,0.1
405,0.1
414,0.1
327,0.1
420,0.1
114,0.1
126,0.1
neighbors of Kingal86
397,0.3
325,0.3
160,0.3
417,0.3
418,0.3
420,0.3
421,0.3
422,0.1
39,0.3
424,0.2
434,0.3
320,0.3
452,0.3
453,0.3
454,0.3
455,0.2
456,0.3
458,0.2
459,0.1
460,0.1
461,0.1
462,0.2
468,0.2
469,0.2
471,0.2
423,0.3
114,0.3
371,0.2
126,0.3
neighbors of Cyrius
5,0.1
397,0.2
325,0.2
160,0.2
417,0.2
418,0.2
420,0.2
422,0.1
423,0.2
434,0.2
320,0.1
452,0.2
453,0.2
454,0.2
455,0.1
456,0.2
459,0.1
460,0.1
468,0.1
469,0.1
471,0.1
478,0.1
479,0.1
39,0.2
114,0.2
371,0.2
126,0.2
neighbors of Tatarize
397,0.1
325,0.1
160,0.1
417,0.1
418,0.1
420,0.1
421,0.1
39,0.1
424,0.1
434,0.1
320,0.1
452,0.1
453,0.1
454,0.1
455,0.1
456,0.1
458,0.1
462,0.1
468,0.1
469,0.1
471,0.1
473,1
423,0.1
114,0.1
371,0.1
126,0.1
neighbors of Sir Paul
397,0.1
325,0.1
160,0.1
417,0.1
418,0.1
420,0.1
422,0.1
39,0.1
424,0.1
434,0.1
320,0.1
452,0.1
453,0.1
454,0.1
455,0.1
456,0.1
458,0.1
468,0.1
469,0.1
471,0.1
423,0.1
114,0.1
371,0.1
126,0.1
neighbors of Commodore Sloat
641,0.1
642,0.1
643,0.1
644,1
5,0.2
648,0.1
649,0.1
651,0.1
524,0.1
397,0.2
656,0.1
660,0.1
665,0.1
517,0.1
160,0.2
417,0.3
418,0.3
419,0.1
420,0.2
422,0.2
39,0.2
424,0.2
453,0.2
645,1
434,0.2
567,0.1
416,0.1
452,0.2
325,0.2
454,0.2
455,0.2
456,0.2
458,0.3
468,0.3
469,0.3
471,0.3
478,0.2
479,0.2
610,0.1
635,0.1
485,0.1
636,0.1
423,0.2
114,0.2
371,0.2
501,0.1
502,0.1
673,0.1
507,0.1
508,0.1
509,0.1
126,0.2
639,0.1
neighbors of JoseBlanco
5,0.1
397,0.1
325,0.1
160,0.1
417,0.1
418,0.1
420,0.1
422,0.1
39,0.1
424,0.1
434,0.1
452,0.1
453,0.1
454,0.1
455,0.1
456,0.1
458,0.1
468,0.1
469,0.1
471,0.1
478,0.1
479,0.1
485,1
423,0.1
114,0.1
126,0.1
neighbors of Confuzion
513,0.1
514,0.1
515,0.1
5,0.5
522,0.1
397,0.5
528,1
414,0.1
517,0.1
160,0.5
417,0.5
418,0.5
420,0.4
422,0.4
39,0.5
424,0.4
434,0.4
325,0.4
320,0.1
451,1
452,0.5
453,0.4
454,0.5
455,0.5
456,0.5
458,0.4
462,0.1
468,0.2
469,0.5
471,0.4
478,0.4
479,0.4
485,0.1
487,1.1
423,0.2
114,0.5
371,0.4
501,0.1
502,0.1
507,0.1
508,0.1
509,0.1
126,0.5
neighbors of Jay
513,0.1
514,0.1
515,0.1
5,0.3
522,0.1
397,0.3
414,0.3
325,0.2
160,0.3
417,0.3
418,0.3
420,0.2
422,0.1
39,0.3
424,0.3
517,0.1
114,0.3
434,0.2
320,0.1
452,0.3
453,0.1
454,0.3
455,0.3
456,0.3
458,0.2
468,0.2
469,0.3
471,0.2
478,0.2
479,0.2
485,0.1
489,1.1
497,0.1
498,1
371,0.2
501,0.1
502,0.1
507,0.1
508,0.1
509,0.1
126,0.3
neighbors of WpZurp
5,0.1
397,0.1
414,0.1
453,0.1
160,0.1
417,0.1
418,0.1
420,0.1
422,0.1
39,0.1
424,0.1
434,0.1
452,0.1
325,0.1
454,0.1
455,0.1
456,0.1
458,0.1
468,0.1
469,0.1
471,0.1
478,0.1
479,0.1
489,0.1
491,1
114,0.1
371,0.1
126,0.1
neighbors of Gary D
5,0.1
397,0.1
160,0.1
417,0.1
419,0.1
420,0.1
421,0.1
39,0.1
424,0.1
455,0.1
434,0.1
452,0.1
325,0.1
454,0.1
327,0.1
456,0.1
458,0.1
469,0.1
471,0.1
478,0.1
479,0.1
485,0.1
489,0.1
497,0.1
114,0.1
371,0.1
502,0.1
126,0.1
neighbors of Choster
512,1
513,1
514,1
5,0.2
397,0.2
414,1.1
160,0.2
417,0.2
418,1.1
419,0.1
420,1
421,0.2
39,0.2
424,0.2
455,0.2
498,0.2
434,1
452,0.2
325,0.2
454,0.2
327,1.1
456,0.2
458,0.2
469,0.2
471,0.2
478,0.2
479,0.2
485,0.2
497,0.2
114,0.2
371,0.2
510,1
502,0.2
507,1.1
508,1
509,1.1
126,0.2
511,1
neighbors of Mtnerd
513,0.1
514,0.1
515,0.1
517,0.1
397,0.1
414,0.1
5,0.1
160,0.1
417,0.1
418,0.1
39,0.1
424,0.1
498,0.1
452,0.1
454,0.1
455,0.1
456,0.1
458,0.1
469,0.1
471,0.1
485,0.1
114,0.1
502,0.1
507,0.1
509,0.1
126,0.1
neighbors of Stopthebus18
513,0.1
514,0.1
515,0.1
517,0.1
397,0.1
414,0.1
5,0.1
160,0.1
417,0.1
418,0.1
39,0.1
424,0.1
320,0.1
452,0.1
454,0.1
455,0.1
456,0.1
458,0.1
469,0.1
471,0.1
485,0.1
114,0.1
502,0.1
507,0.1
509,0.1
126,0.1
neighbors of Dominick
513,0.1
514,0.1
515,0.1
517,0.1
522,0.1
397,0.1
414,0.1
5,0.1
160,0.1
417,0.1
418,0.1
39,0.1
424,0.1
320,0.1
452,0.1
454,0.1
455,0.1
456,0.1
468,0.1
469,0.1
485,0.1
114,0.1
501,0.1
502,0.1
507,0.1
508,0.1
509,0.1
126,0.1
neighbors of Acsenray
513,0.1
514,0.1
515,0.1
517,0.1
522,0.1
397,0.1
414,0.1
5,0.1
160,0.1
417,0.1
418,0.1
39,0.1
424,0.1
320,0.1
452,0.1
454,0.1
455,0.1
456,0.1
468,0.1
469,0.1
485,0.1
508,0.1
114,0.1
501,0.1
502,0.1
507,0.1
124,0.1
509,0.1
126,0.1
neighbors of Beginning
513,0.1
514,0.1
515,0.1
517,0.1
522,0.1
397,0.1
414,0.1
5,0.1
160,0.1
417,0.1
418,0.1
39,0.1
424,0.1
320,0.1
451,0.1
452,0.1
454,0.1
455,0.1
456,0.1
468,0.1
469,0.1
485,0.1
114,0.1
501,0.1
502,0.1
507,0.1
508,0.1
509,0.1
126,0.1
neighbors of Stan Shebs
513,0.1
514,0.1
515,0.1
517,0.1
522,0.1
397,0.1
414,0.1
5,0.1
160,0.1
417,0.1
418,0.1
39,0.1
424,0.1
114,0.1
320,0.1
451,0.1
452,0.1
454,0.1
455,0.1
456,0.1
468,0.1
469,0.1
485,0.1
498,0.1
371,0.1
501,0.1
502,0.1
507,0.1
508,0.1
509,0.1
126,0.1
neighbors of Jsm~enwiki
513,0.7
514,0.7
515,0.7
517,0.7
522,0.7
397,0.7
538,0.7
414,0.7
5,0.7
160,0.7
417,0.7
418,0.7
39,0.7
424,0.7
434,0.4
320,0.7
451,0.7
452,0.7
454,0.7
455,0.7
456,0.7
468,0.7
469,0.7
471,0.4
485,0.7
114,0.7
371,0.7
501,0.7
502,0.7
507,0.7
508,0.7
509,0.7
126,0.7
neighbors of Theresa knott
513,0.1
514,0.1
515,0.1
517,0.1
522,0.1
397,0.1
538,0.1
414,0.1
5,0.1
160,0.1
417,0.1
418,0.1
39,0.1
424,0.1
434,0.1
320,0.1
451,0.1
452,0.1
454,0.1
455,0.1
456,0.1
468,0.1
469,0.1
471,0.1
485,0.1
114,0.1
371,0.1
501,0.1
502,0.1
507,0.1
508,0.1
509,0.1
126,0.1
neighbors of Ellsworth
513,0.3
514,0.3
515,0.3
517,0.3
522,0.3
397,0.3
538,0.3
414,0.2
5,0.3
160,0.3
417,0.3
418,0.3
39,0.3
424,0.3
434,0.2
320,1.2
451,0.3
452,0.3
454,0.3
455,0.3
456,0.3
546,0.1
468,0.3
469,0.3
471,0.1
485,0.3
487,0.1
114,0.3
371,0.3
501,0.3
502,0.3
507,0.3
508,0.3
509,0.3
126,0.3
neighbors of Oberiko
513,0.2
514,0.2
515,0.2
517,0.2
522,0.2
397,0.2
538,0.2
5,0.2
160,0.2
417,0.2
418,0.2
39,0.2
424,0.2
434,0.2
320,0.2
451,0.2
452,0.2
454,0.2
455,0.2
456,0.2
546,0.2
468,0.2
469,0.2
471,0.2
485,0.2
114,0.2
371,0.2
501,0.2
502,0.2
507,0.2
508,0.2
509,0.2
126,0.2
neighbors of VeryVerily
513,0.2
514,0.2
515,0.1
517,0.2
522,0.1
524,0.1
397,0.2
538,0.1
5,0.2
160,0.2
417,0.2
418,1.1
419,0.1
39,0.2
424,0.2
567,0.1
320,0.2
416,0.1
451,0.2
452,0.2
454,0.2
455,0.2
456,0.1
458,0.1
546,0.1
591,0.1
468,0.2
469,0.2
471,0.2
604,0.1
605,0.1
610,1
485,0.2
114,0.2
371,0.1
501,0.2
502,0.2
507,0.2
508,0.2
509,0.2
126,0.1
neighbors of Anthony
513,0.1
514,0.1
515,0.1
517,0.1
522,0.1
397,0.1
538,0.1
5,0.1
160,0.1
417,0.1
418,0.1
39,0.1
424,0.1
434,0.1
320,0.1
451,0.1
452,0.1
454,0.1
455,0.1
456,0.1
546,0.1
468,0.1
469,0.1
485,0.1
114,0.1
371,0.1
501,0.1
502,0.1
507,0.1
508,0.1
509,0.1
126,0.1
neighbors of Sparky
513,1.6
514,1.6
3,1
644,0.3
517,1.9
641,0.3
648,0.3
649,0.3
522,1.2
651,0.3
524,1.9
397,1.6
655,0.3
656,0.3
515,1.6
660,0.3
661,1
662,1
663,1
665,0.1
538,1.5
5,1.6
416,1.9
417,1.9
546,0.4
419,1.9
36,0.3
39,1.6
424,1.9
434,0.2
645,0.3
561,1
562,1
564,1
565,1.6
567,1.7
569,1
570,1.1
650,1
320,1.2
577,1.2
451,1.6
452,1.6
454,1.6
455,1.6
456,2.0
458,1.9
160,1.6
588,1.1
418,1.4
591,1.4
592,1
468,1.9
469,1.9
642,0.3
471,1.9
603,1
604,0.4
605,2.2
607,1
610,0.4
507,1.9
612,1
485,1.9
509,1.9
498,0.6
371,0.6
643,0.3
501,1.9
502,1.9
114,1.6
635,0.3
508,1.9
637,0.2
126,0.2
639,0.3
neighbors of Jfdwolff
513,0.1
514,0.1
515,0.1
517,0.1
522,0.1
524,0.1
397,0.1
538,0.1
5,0.1
416,0.1
417,0.1
546,0.1
419,0.1
39,0.1
424,0.1
434,1
565,0.1
567,1
160,0.1
451,0.1
452,0.1
454,0.1
455,0.1
456,0.1
458,0.1
418,0.1
468,0.1
469,0.1
471,0.1
485,0.1
114,0.1
371,0.1
501,0.1
502,0.1
507,0.1
508,1
509,0.1
126,0.1
neighbors of Arminius
513,0.1
514,0.1
515,0.1
517,0.1
522,0.1
524,0.1
397,0.1
538,0.1
5,0.1
416,0.1
417,0.1
546,1
419,0.1
39,0.1
424,0.1
498,0.1
565,0.1
567,0.1
160,0.1
451,0.1
452,0.1
454,0.1
455,0.1
456,0.1
458,0.1
418,0.1
468,0.1
469,0.1
471,0.1
485,0.1
114,0.1
371,0.1
501,0.1
502,0.1
507,0.1
508,0.1
509,0.1
neighbors of PavanGupta
513,0.2
514,0.2
515,0.1
517,0.2
522,0.2
524,0.2
397,0.2
579,1
538,0.2
5,0.2
416,0.2
417,0.2
418,0.2
419,0.2
39,0.2
424,0.2
498,0.2
565,0.1
567,0.2
320,0.2
160,0.2
451,0.2
452,0.2
454,0.2
455,0.2
456,0.2
458,0.2
468,0.2
469,0.2
471,0.2
485,0.2
114,0.2
371,0.1
501,0.2
502,0.2
507,0.2
508,0.2
509,0.2
neighbors of DJ Clayworth
513,0.1
514,0.1
517,0.1
522,0.1
524,0.1
397,0.1
580,1
538,0.1
5,0.1
416,0.1
417,0.1
418,0.1
419,0.1
39,0.1
424,0.1
114,0.1
567,0.1
320,0.1
160,0.1
451,0.1
452,0.1
454,0.1
455,0.1
456,0.1
458,0.1
468,0.1
469,0.1
471,0.1
485,0.1
498,0.1
501,0.1
502,0.1
507,0.1
508,0.1
509,0.1
neighbors of Bkonrad
513,0.1
514,0.1
517,0.1
522,0.1
524,0.1
397,0.1
538,0.1
5,0.1
416,0.1
417,0.1
418,0.1
419,0.1
39,0.1
424,0.1
498,0.1
567,0.1
320,0.1
577,0.1
451,0.1
452,0.1
454,0.1
455,0.1
456,0.1
458,0.1
160,0.1
468,0.1
469,0.1
471,0.1
485,0.1
114,0.1
501,0.1
502,0.1
507,0.1
508,0.1
509,0.1
neighbors of Coburnpharr04
513,0.1
514,0.1
517,0.1
522,0.1
524,0.1
397,0.1
538,0.1
5,0.1
416,0.1
417,0.1
418,0.1
419,0.1
39,0.1
424,0.1
557,1
567,0.1
320,0.1
577,0.1
451,0.1
452,0.1
454,0.1
455,0.1
456,0.1
458,0.1
160,0.1
468,0.1
469,0.1
471,0.1
485,0.1
423,0.1
498,0.1
501,0.1
502,0.1
114,0.1
507,0.1
508,0.1
509,0.1
neighbors of Paranoid
513,0.1
514,0.1
517,0.1
522,0.1
524,0.1
397,0.1
538,0.1
5,0.1
416,0.1
417,0.1
418,0.1
419,0.1
36,0.1
39,0.1
424,0.1
498,0.1
567,0.1
320,0.1
160,0.1
451,0.1
452,0.1
454,0.1
455,0.1
456,0.1
458,0.1
588,0.1
468,0.1
469,0.1
471,0.1
485,0.1
114,0.1
501,0.1
502,0.1
507,0.1
508,0.1
509,0.1
neighbors of McCart42
513,0.2
514,0.2
517,0.2
522,0.2
524,0.2
397,0.2
538,0.2
5,0.2
416,0.2
417,0.2
419,0.2
36,0.2
39,0.2
424,0.2
567,0.2
320,0.2
160,0.2
451,0.2
452,0.2
454,0.2
455,0.2
458,0.2
591,0.2
468,0.2
469,0.2
471,0.2
601,1
603,1.1
604,1
485,0.2
114,0.2
501,0.2
502,0.2
507,0.2
508,0.2
509,0.2
510,0.1
neighbors of J3ff
513,0.1
514,0.1
517,0.1
524,0.1
397,0.1
538,0.1
5,0.1
416,0.1
417,0.1
419,0.1
36,0.1
39,0.1
424,0.1
567,0.1
320,0.1
160,0.1
451,0.1
452,0.1
454,0.1
455,0.1
458,0.1
591,0.1
468,0.1
469,0.1
471,0.1
604,0.1
605,0.1
485,0.1
114,0.1
501,0.1
502,0.1
507,0.1
508,0.1
509,0.1
neighbors of 172
513,0.2
514,0.2
643,0.2
644,0.2
517,0.4
641,0.2
648,0.2
649,0.2
651,0.2
524,0.4
397,0.2
655,0.2
656,0.2
660,0.2
661,1
662,1
665,0.1
538,0.1
5,0.2
416,0.4
417,0.4
418,0.3
419,0.4
39,0.2
424,0.4
645,0.2
567,0.4
320,0.2
160,0.2
451,0.2
452,0.2
454,0.2
455,0.2
458,0.4
591,0.2
468,0.4
469,0.4
642,0.2
471,0.4
604,0.2
605,0.2
607,1
610,1.2
635,0.2
485,0.4
637,0.2
114,0.2
501,0.4
502,0.4
507,0.4
508,0.4
509,0.4
639,0.2
neighbors of Vasile
513,0.3
514,0.3
643,0.9
644,0.9
5,0.3
641,0.9
648,0.9
649,0.9
650,1.1
651,0.9
524,2.1
397,0.3
655,0.9
656,0.9
660,0.9
665,0.7
666,2.3
667,1.2
668,2
517,1.2
416,1.2
417,1.2
418,0.9
419,1.2
39,0.3
424,1.2
645,0.9
567,1.2
320,0.3
160,0.2
451,0.3
452,0.3
454,0.3
455,0.3
458,1.2
591,0.3
468,1.2
469,1.2
642,0.9
471,1.2
604,0.3
605,1.2
610,1.2
507,1.2
485,1.2
509,1.2
114,0.3
501,1.2
502,1.2
635,0.9
508,1.2
637,0.8
639,0.9
neighbors of Hemanshu
641,0.1
642,0.1
643,0.1
644,0.1
645,0.1
648,0.1
649,0.1
651,0.1
524,0.1
655,0.1
656,0.1
660,0.1
665,0.1
517,0.1
416,0.1
417,0.1
418,0.1
419,0.1
424,0.1
567,0.1
458,0.1
468,0.1
469,0.1
471,0.1
610,0.1
635,0.1
485,0.1
509,0.1
501,0.1
502,0.1
507,0.1
508,0.1
637,0.1
639,0.1
neighbors of Golbez
641,0.1
642,0.1
643,0.1
645,0.1
648,0.1
649,0.1
651,0.1
524,0.1
656,0.1
660,0.1
665,0.1
517,0.1
416,0.1
673,0.1
418,0.1
419,0.1
424,0.1
567,0.1
417,0.1
458,0.1
468,0.1
469,0.1
471,0.1
610,0.1
635,0.1
485,0.1
636,0.1
501,0.1
502,0.1
507,0.1
508,0.1
509,0.1
639,0.1
